starttime	seconds	ctime	dtime	ttime	wait
Wed Apr 20 15:11:19 2016	1461179479	36	341	377	302
Wed Apr 20 15:11:19 2016	1461179479	36	344	380	305
Wed Apr 20 15:20:16 2016	1461180016	35	376	412	338
Wed Apr 20 15:20:16 2016	1461180016	35	381	416	341
Wed Apr 20 15:17:26 2016	1461179846	35	382	417	343
Wed Apr 20 15:20:28 2016	1461180028	35	383	418	344
Wed Apr 20 15:20:15 2016	1461180015	36	384	420	346
Wed Apr 20 15:18:36 2016	1461179916	38	385	423	346
Wed Apr 20 15:20:28 2016	1461180028	36	389	424	350
Wed Apr 20 15:20:28 2016	1461180028	36	388	424	349
Wed Apr 20 15:26:04 2016	1461180364	36	389	425	350
Wed Apr 20 15:11:19 2016	1461179479	36	389	425	350
Wed Apr 20 15:17:26 2016	1461179846	35	390	426	352
Wed Apr 20 15:20:28 2016	1461180028	35	391	426	353
Wed Apr 20 15:17:26 2016	1461179846	35	391	426	352
Wed Apr 20 15:20:16 2016	1461180016	35	391	426	352
Wed Apr 20 15:20:28 2016	1461180028	36	391	427	353
Wed Apr 20 15:20:16 2016	1461180016	36	392	428	354
Wed Apr 20 15:20:28 2016	1461180028	35	393	428	354
Wed Apr 20 15:18:35 2016	1461179915	36	393	429	354
Wed Apr 20 15:18:35 2016	1461179915	35	393	429	355
Wed Apr 20 15:18:36 2016	1461179916	35	394	429	355
Wed Apr 20 15:17:26 2016	1461179846	35	394	429	355
Wed Apr 20 15:17:26 2016	1461179846	35	394	429	356
Wed Apr 20 15:18:36 2016	1461179916	35	394	430	356
Wed Apr 20 15:19:10 2016	1461179950	35	394	430	351
Wed Apr 20 15:20:16 2016	1461180016	35	395	430	356
Wed Apr 20 15:26:04 2016	1461180364	36	394	431	356
Wed Apr 20 15:22:33 2016	1461180153	36	395	431	356
Wed Apr 20 15:19:10 2016	1461179950	35	395	431	356
Wed Apr 20 15:20:16 2016	1461180016	35	396	431	357
Wed Apr 20 15:20:28 2016	1461180028	35	396	431	358
Wed Apr 20 15:20:28 2016	1461180028	35	396	432	358
Wed Apr 20 15:18:35 2016	1461179915	36	396	432	351
Wed Apr 20 15:20:28 2016	1461180028	36	397	432	358
Wed Apr 20 15:20:15 2016	1461180015	37	396	433	357
Wed Apr 20 15:17:26 2016	1461179846	36	397	433	358
Wed Apr 20 15:18:36 2016	1461179916	36	397	433	359
Wed Apr 20 15:17:26 2016	1461179846	35	398	433	351
Wed Apr 20 15:18:58 2016	1461179938	36	397	433	355
Wed Apr 20 15:20:16 2016	1461180016	36	398	433	359
Wed Apr 20 15:20:16 2016	1461180016	36	398	434	359
Wed Apr 20 15:18:58 2016	1461179938	35	400	435	361
Wed Apr 20 15:19:10 2016	1461179950	36	400	435	361
Wed Apr 20 15:18:59 2016	1461179939	36	400	436	362
Wed Apr 20 15:18:59 2016	1461179939	35	402	437	363
Wed Apr 20 15:18:59 2016	1461179939	40	396	437	358
Wed Apr 20 15:17:26 2016	1461179846	36	401	437	362
Wed Apr 20 15:20:03 2016	1461180003	36	401	437	363
Wed Apr 20 15:24:50 2016	1461180290	35	402	437	363
Wed Apr 20 15:18:58 2016	1461179938	35	402	438	364
Wed Apr 20 15:20:28 2016	1461180028	35	402	438	349
Wed Apr 20 15:18:59 2016	1461179939	35	403	438	364
Wed Apr 20 15:18:35 2016	1461179915	36	403	439	364
Wed Apr 20 15:20:15 2016	1461180015	36	403	439	365
Wed Apr 20 15:20:28 2016	1461180028	36	403	439	365
Wed Apr 20 15:18:58 2016	1461179938	36	404	439	365
Wed Apr 20 15:20:28 2016	1461180028	36	404	440	360
Wed Apr 20 15:18:58 2016	1461179938	35	404	440	366
Wed Apr 20 15:18:58 2016	1461179938	35	406	442	368
Wed Apr 20 15:18:36 2016	1461179916	36	406	442	368
Wed Apr 20 15:17:26 2016	1461179846	35	407	442	368
Wed Apr 20 15:18:58 2016	1461179938	35	408	443	370
Wed Apr 20 15:26:04 2016	1461180364	36	408	443	369
Wed Apr 20 15:18:36 2016	1461179916	35	408	443	369
Wed Apr 20 15:20:15 2016	1461180015	35	408	444	370
Wed Apr 20 15:20:16 2016	1461180016	35	408	444	370
Wed Apr 20 15:18:58 2016	1461179938	36	408	444	367
Wed Apr 20 15:18:36 2016	1461179916	39	405	444	367
Wed Apr 20 15:20:03 2016	1461180003	36	409	444	369
Wed Apr 20 15:22:33 2016	1461180153	35	409	444	370
Wed Apr 20 15:19:10 2016	1461179950	35	409	445	371
Wed Apr 20 15:19:10 2016	1461179950	36	409	445	370
Wed Apr 20 15:18:35 2016	1461179915	41	404	445	365
Wed Apr 20 15:20:28 2016	1461180028	35	410	445	372
Wed Apr 20 15:24:50 2016	1461180290	35	410	445	371
Wed Apr 20 15:20:28 2016	1461180028	35	410	446	372
Wed Apr 20 15:22:44 2016	1461180164	36	410	446	371
Wed Apr 20 15:22:44 2016	1461180164	35	411	446	372
Wed Apr 20 15:21:48 2016	1461180108	36	410	446	370
Wed Apr 20 15:18:47 2016	1461179927	36	410	446	372
Wed Apr 20 15:19:10 2016	1461179950	35	411	446	372
Wed Apr 20 15:21:32 2016	1461180092	35	411	446	373
Wed Apr 20 15:20:16 2016	1461180016	35	411	446	372
Wed Apr 20 15:18:35 2016	1461179915	36	411	447	371
Wed Apr 20 15:20:16 2016	1461180016	36	411	447	372
Wed Apr 20 15:22:33 2016	1461180153	36	411	447	373
Wed Apr 20 15:19:10 2016	1461179950	36	411	447	372
Wed Apr 20 15:22:45 2016	1461180165	35	412	447	373
Wed Apr 20 15:22:45 2016	1461180165	36	412	447	373
Wed Apr 20 15:20:52 2016	1461180052	36	412	447	373
Wed Apr 20 15:22:33 2016	1461180153	35	412	447	373
Wed Apr 20 15:24:50 2016	1461180290	36	412	448	366
Wed Apr 20 15:21:32 2016	1461180092	36	412	448	373
Wed Apr 20 15:20:16 2016	1461180016	35	412	448	374
Wed Apr 20 15:20:16 2016	1461180016	35	412	448	374
Wed Apr 20 15:18:35 2016	1461179915	35	413	448	374
Wed Apr 20 15:21:32 2016	1461180092	35	413	448	375
Wed Apr 20 15:18:35 2016	1461179915	35	413	449	375
Wed Apr 20 15:20:16 2016	1461180016	35	414	449	375
Wed Apr 20 15:19:10 2016	1461179950	35	414	449	370
Wed Apr 20 15:22:33 2016	1461180153	36	413	449	374
Wed Apr 20 15:20:16 2016	1461180016	36	414	449	375
Wed Apr 20 15:18:58 2016	1461179938	35	414	449	375
Wed Apr 20 15:18:59 2016	1461179939	38	411	449	368
Wed Apr 20 15:22:33 2016	1461180153	35	414	450	376
Wed Apr 20 15:18:59 2016	1461179939	35	414	450	376
Wed Apr 20 15:19:10 2016	1461179950	35	415	450	376
Wed Apr 20 15:18:58 2016	1461179938	36	414	450	375
Wed Apr 20 15:20:16 2016	1461180016	35	415	451	377
Wed Apr 20 15:17:26 2016	1461179846	40	411	451	372
Wed Apr 20 15:22:44 2016	1461180164	36	415	451	377
Wed Apr 20 15:22:33 2016	1461180153	35	416	451	378
Wed Apr 20 15:26:04 2016	1461180364	36	416	451	377
Wed Apr 20 15:26:04 2016	1461180364	35	416	452	378
Wed Apr 20 15:18:47 2016	1461179927	36	416	452	378
Wed Apr 20 15:22:01 2016	1461180121	36	416	452	377
Wed Apr 20 15:22:45 2016	1461180165	35	417	452	378
Wed Apr 20 15:20:28 2016	1461180028	35	417	452	378
Wed Apr 20 15:18:47 2016	1461179927	36	417	452	378
Wed Apr 20 15:20:16 2016	1461180016	36	417	453	377
Wed Apr 20 15:20:28 2016	1461180028	35	417	453	379
Wed Apr 20 15:20:03 2016	1461180003	35	418	453	379
Wed Apr 20 15:20:28 2016	1461180028	35	418	454	380
Wed Apr 20 15:22:45 2016	1461180165	36	418	454	379
Wed Apr 20 15:20:52 2016	1461180052	35	419	454	380
Wed Apr 20 15:22:45 2016	1461180165	35	419	454	381
Wed Apr 20 15:19:10 2016	1461179950	36	419	454	380
Wed Apr 20 15:20:03 2016	1461180003	36	419	455	380
Wed Apr 20 15:20:52 2016	1461180052	35	419	455	381
Wed Apr 20 15:18:47 2016	1461179927	35	420	456	382
Wed Apr 20 15:20:16 2016	1461180016	36	420	456	381
Wed Apr 20 15:18:58 2016	1461179938	36	420	456	380
Wed Apr 20 15:20:28 2016	1461180028	36	420	456	381
Wed Apr 20 15:18:58 2016	1461179938	35	420	456	381
Wed Apr 20 15:22:56 2016	1461180176	35	421	456	382
Wed Apr 20 15:22:33 2016	1461180153	35	421	456	379
Wed Apr 20 15:19:10 2016	1461179950	35	422	457	383
Wed Apr 20 15:22:45 2016	1461180165	37	420	457	382
Wed Apr 20 15:26:04 2016	1461180364	35	422	457	382
Wed Apr 20 15:20:28 2016	1461180028	36	421	457	382
Wed Apr 20 15:22:33 2016	1461180153	36	422	457	383
Wed Apr 20 15:21:32 2016	1461180092	35	422	457	383
Wed Apr 20 15:20:02 2016	1461180002	36	422	457	382
Wed Apr 20 15:22:01 2016	1461180121	36	422	458	381
Wed Apr 20 15:18:58 2016	1461179938	35	423	458	384
Wed Apr 20 15:21:32 2016	1461180092	35	423	459	385
Wed Apr 20 15:18:47 2016	1461179927	35	423	459	385
Wed Apr 20 15:20:40 2016	1461180040	35	423	459	385
Wed Apr 20 15:22:33 2016	1461180153	36	424	459	385
Wed Apr 20 15:19:11 2016	1461179951	36	424	459	385
Wed Apr 20 15:18:58 2016	1461179938	36	424	460	386
Wed Apr 20 15:18:35 2016	1461179915	36	425	460	386
Wed Apr 20 15:18:47 2016	1461179927	35	425	461	387
Wed Apr 20 15:20:02 2016	1461180002	35	425	461	387
Wed Apr 20 15:18:35 2016	1461179915	36	425	461	387
Wed Apr 20 15:20:52 2016	1461180052	37	424	461	386
Wed Apr 20 15:20:40 2016	1461180040	35	425	461	387
Wed Apr 20 15:20:40 2016	1461180040	35	426	461	387
Wed Apr 20 15:19:11 2016	1461179951	36	426	462	388
Wed Apr 20 15:20:52 2016	1461180052	35	426	462	388
Wed Apr 20 15:19:10 2016	1461179950	36	426	462	384
Wed Apr 20 15:22:01 2016	1461180121	35	427	462	388
Wed Apr 20 15:22:56 2016	1461180176	35	427	463	389
Wed Apr 20 15:21:48 2016	1461180108	35	428	463	390
Wed Apr 20 15:21:48 2016	1461180108	37	426	463	388
Wed Apr 20 15:22:44 2016	1461180164	35	428	463	390
Wed Apr 20 15:20:40 2016	1461180040	35	428	464	387
Wed Apr 20 15:20:52 2016	1461180052	36	428	464	389
Wed Apr 20 15:18:35 2016	1461179915	37	427	464	389
Wed Apr 20 15:26:55 2016	1461180415	35	429	464	390
Wed Apr 20 15:20:28 2016	1461180028	35	429	464	390
Wed Apr 20 15:22:56 2016	1461180176	35	429	464	391
Wed Apr 20 15:22:02 2016	1461180122	35	429	465	391
Wed Apr 20 15:20:52 2016	1461180052	35	429	465	391
Wed Apr 20 15:22:32 2016	1461180152	36	429	465	390
Wed Apr 20 15:18:35 2016	1461179915	39	426	465	387
Wed Apr 20 15:22:44 2016	1461180164	35	430	465	391
Wed Apr 20 15:17:26 2016	1461179846	36	430	465	391
Wed Apr 20 15:26:04 2016	1461180364	36	430	465	391
Wed Apr 20 15:22:32 2016	1461180152	35	431	466	392
Wed Apr 20 15:21:32 2016	1461180092	35	431	466	393
Wed Apr 20 15:27:23 2016	1461180443	36	431	466	392
Wed Apr 20 15:24:50 2016	1461180290	36	431	467	392
Wed Apr 20 15:18:36 2016	1461179916	36	431	467	392
Wed Apr 20 15:18:47 2016	1461179927	36	432	467	393
Wed Apr 20 15:20:40 2016	1461180040	37	430	467	391
Wed Apr 20 15:22:56 2016	1461180176	36	432	468	393
Wed Apr 20 15:26:43 2016	1461180403	36	432	468	394
Wed Apr 20 15:21:18 2016	1461180078	35	433	468	394
Wed Apr 20 15:19:10 2016	1461179950	35	433	468	394
Wed Apr 20 15:24:37 2016	1461180277	35	433	468	394
Wed Apr 20 15:22:45 2016	1461180165	36	433	469	395
Wed Apr 20 15:20:52 2016	1461180052	35	434	469	395
Wed Apr 20 15:21:48 2016	1461180108	35	434	469	396
Wed Apr 20 15:21:32 2016	1461180092	35	434	469	394
Wed Apr 20 15:19:10 2016	1461179950	36	434	469	395
Wed Apr 20 15:22:32 2016	1461180152	35	434	469	395
Wed Apr 20 15:21:32 2016	1461180092	35	434	470	396
Wed Apr 20 15:19:10 2016	1461179950	35	434	470	395
Wed Apr 20 15:21:48 2016	1461180108	35	435	470	396
Wed Apr 20 15:22:33 2016	1461180153	36	435	470	396
Wed Apr 20 15:21:48 2016	1461180108	35	435	470	397
Wed Apr 20 15:26:43 2016	1461180403	35	435	471	397
Wed Apr 20 15:18:47 2016	1461179927	36	435	471	396
Wed Apr 20 15:20:28 2016	1461180028	35	436	471	397
Wed Apr 20 15:26:43 2016	1461180403	35	436	471	398
Wed Apr 20 15:18:47 2016	1461179927	35	436	471	398
Wed Apr 20 15:22:56 2016	1461180176	35	436	471	398
Wed Apr 20 15:22:45 2016	1461180165	35	436	472	398
Wed Apr 20 15:18:47 2016	1461179927	38	434	472	396
Wed Apr 20 15:21:32 2016	1461180092	35	437	472	398
Wed Apr 20 15:20:40 2016	1461180040	35	436	472	398
Wed Apr 20 15:21:18 2016	1461180078	35	437	472	398
Wed Apr 20 15:21:18 2016	1461180078	35	437	472	398
Wed Apr 20 15:26:43 2016	1461180403	35	437	472	399
Wed Apr 20 15:18:46 2016	1461179926	35	437	472	398
Wed Apr 20 15:20:52 2016	1461180052	36	436	472	398
Wed Apr 20 15:22:32 2016	1461180152	35	437	473	398
Wed Apr 20 15:22:44 2016	1461180164	35	438	473	399
Wed Apr 20 15:24:50 2016	1461180290	35	438	473	399
Wed Apr 20 15:11:19 2016	1461179479	36	437	473	399
Wed Apr 20 15:19:11 2016	1461179951	36	438	473	399
Wed Apr 20 15:18:46 2016	1461179926	35	438	474	400
Wed Apr 20 15:27:22 2016	1461180442	36	438	474	399
Wed Apr 20 15:20:40 2016	1461180040	36	438	474	399
Wed Apr 20 15:27:23 2016	1461180443	36	439	474	400
Wed Apr 20 15:26:04 2016	1461180364	36	438	474	399
Wed Apr 20 15:18:47 2016	1461179927	35	439	474	400
Wed Apr 20 15:26:55 2016	1461180415	36	438	474	399
Wed Apr 20 15:20:40 2016	1461180040	36	439	474	400
Wed Apr 20 15:22:45 2016	1461180165	35	439	474	400
Wed Apr 20 15:22:56 2016	1461180176	36	439	474	400
Wed Apr 20 15:20:40 2016	1461180040	35	440	475	401
Wed Apr 20 15:24:50 2016	1461180290	35	440	475	402
Wed Apr 20 15:22:18 2016	1461180138	35	440	475	402
Wed Apr 20 15:20:16 2016	1461180016	36	440	475	401
Wed Apr 20 15:18:46 2016	1461179926	36	440	476	401
Wed Apr 20 15:24:50 2016	1461180290	35	441	476	402
Wed Apr 20 15:21:18 2016	1461180078	35	441	476	402
Wed Apr 20 15:18:35 2016	1461179915	36	441	476	403
Wed Apr 20 15:20:52 2016	1461180052	36	441	476	403
Wed Apr 20 15:26:55 2016	1461180415	35	441	477	403
Wed Apr 20 15:22:56 2016	1461180176	35	442	477	402
Wed Apr 20 15:18:24 2016	1461179904	35	441	477	403
Wed Apr 20 15:27:23 2016	1461180443	35	442	477	403
Wed Apr 20 15:21:32 2016	1461180092	35	441	477	394
Wed Apr 20 15:18:47 2016	1461179927	35	442	477	403
Wed Apr 20 15:18:46 2016	1461179926	36	442	477	398
Wed Apr 20 15:18:46 2016	1461179926	35	442	478	404
Wed Apr 20 15:21:32 2016	1461180092	35	443	478	400
Wed Apr 20 15:20:52 2016	1461180052	35	442	478	404
Wed Apr 20 15:20:28 2016	1461180028	36	442	478	403
Wed Apr 20 15:18:23 2016	1461179903	35	443	478	404
Wed Apr 20 15:21:48 2016	1461180108	35	443	478	405
Wed Apr 20 15:27:23 2016	1461180443	36	443	478	404
Wed Apr 20 15:20:52 2016	1461180052	36	443	478	404
Wed Apr 20 15:18:46 2016	1461179926	35	443	478	405
Wed Apr 20 15:20:52 2016	1461180052	35	443	479	404
Wed Apr 20 15:20:52 2016	1461180052	36	443	479	402
Wed Apr 20 15:20:03 2016	1461180003	36	443	479	404
Wed Apr 20 15:22:56 2016	1461180176	35	444	479	405
Wed Apr 20 15:19:10 2016	1461179950	36	443	479	405
Wed Apr 20 15:17:26 2016	1461179846	37	443	479	405
Wed Apr 20 15:18:47 2016	1461179927	37	442	480	404
Wed Apr 20 15:19:10 2016	1461179950	35	444	480	406
Wed Apr 20 15:20:52 2016	1461180052	36	444	480	406
Wed Apr 20 15:22:44 2016	1461180164	35	445	480	406
Wed Apr 20 15:21:03 2016	1461180063	36	445	480	406
Wed Apr 20 15:18:47 2016	1461179927	36	445	480	406
Wed Apr 20 15:20:52 2016	1461180052	35	445	481	407
Wed Apr 20 15:24:50 2016	1461180290	35	446	481	408
Wed Apr 20 15:20:15 2016	1461180015	36	446	482	407
Wed Apr 20 15:24:37 2016	1461180277	35	446	482	408
Wed Apr 20 15:20:40 2016	1461180040	35	447	482	408
Wed Apr 20 15:26:43 2016	1461180403	36	447	482	408
Wed Apr 20 15:19:10 2016	1461179950	36	447	483	408
Wed Apr 20 15:18:59 2016	1461179939	35	447	483	408
Wed Apr 20 15:22:56 2016	1461180176	35	447	483	409
Wed Apr 20 15:26:55 2016	1461180415	35	448	483	409
Wed Apr 20 15:20:40 2016	1461180040	35	448	483	406
Wed Apr 20 15:20:40 2016	1461180040	35	448	483	409
Wed Apr 20 15:20:40 2016	1461180040	36	447	483	409
Wed Apr 20 15:18:58 2016	1461179938	35	448	483	410
Wed Apr 20 15:21:18 2016	1461180078	36	448	483	409
Wed Apr 20 15:21:18 2016	1461180078	36	448	484	410
Wed Apr 20 15:19:50 2016	1461179990	35	449	484	411
Wed Apr 20 15:20:40 2016	1461180040	35	449	484	411
Wed Apr 20 15:18:23 2016	1461179903	36	448	484	410
Wed Apr 20 15:21:32 2016	1461180092	36	449	484	410
Wed Apr 20 15:20:40 2016	1461180040	35	449	485	411
Wed Apr 20 15:26:43 2016	1461180403	36	450	485	411
Wed Apr 20 15:26:04 2016	1461180364	35	450	486	412
Wed Apr 20 15:20:52 2016	1461180052	36	450	486	411
Wed Apr 20 15:22:32 2016	1461180152	35	451	486	412
Wed Apr 20 15:24:37 2016	1461180277	36	450	486	411
Wed Apr 20 15:22:44 2016	1461180164	35	451	486	413
Wed Apr 20 15:20:27 2016	1461180027	36	451	487	412
Wed Apr 20 15:22:18 2016	1461180138	35	452	487	413
Wed Apr 20 15:22:33 2016	1461180153	35	452	487	414
Wed Apr 20 15:21:04 2016	1461180064	36	451	487	412
Wed Apr 20 15:19:11 2016	1461179951	36	451	487	412
Wed Apr 20 15:21:18 2016	1461180078	36	452	487	413
Wed Apr 20 15:20:52 2016	1461180052	35	452	487	414
Wed Apr 20 15:20:28 2016	1461180028	36	452	488	412
Wed Apr 20 15:18:23 2016	1461179903	35	453	488	414
Wed Apr 20 15:22:44 2016	1461180164	35	453	488	415
Wed Apr 20 15:21:04 2016	1461180064	36	452	488	414
Wed Apr 20 15:19:49 2016	1461179989	36	453	488	414
Wed Apr 20 15:20:40 2016	1461180040	36	453	489	414
Wed Apr 20 15:19:50 2016	1461179990	36	453	489	413
Wed Apr 20 15:18:23 2016	1461179903	36	453	489	414
Wed Apr 20 15:21:48 2016	1461180108	35	453	489	415
Wed Apr 20 15:19:11 2016	1461179951	36	454	489	415
Wed Apr 20 15:19:50 2016	1461179990	35	454	489	415
Wed Apr 20 15:20:52 2016	1461180052	35	454	489	416
Wed Apr 20 15:26:43 2016	1461180403	35	454	489	416
Wed Apr 20 15:22:18 2016	1461180138	36	454	490	415
Wed Apr 20 15:22:01 2016	1461180121	36	454	490	416
Wed Apr 20 15:22:44 2016	1461180164	36	454	490	415
Wed Apr 20 15:19:50 2016	1461179990	37	453	490	415
Wed Apr 20 15:21:18 2016	1461180078	35	455	490	417
Wed Apr 20 15:19:50 2016	1461179990	36	455	490	416
Wed Apr 20 15:26:43 2016	1461180403	35	455	491	417
Wed Apr 20 15:27:22 2016	1461180442	36	455	491	416
Wed Apr 20 15:27:22 2016	1461180442	35	456	491	417
Wed Apr 20 15:17:25 2016	1461179845	36	456	491	417
Wed Apr 20 15:22:02 2016	1461180122	36	456	492	417
Wed Apr 20 15:18:23 2016	1461179903	36	456	492	418
Wed Apr 20 15:18:23 2016	1461179903	35	457	492	418
Wed Apr 20 15:20:40 2016	1461180040	36	456	492	418
Wed Apr 20 15:18:46 2016	1461179926	35	457	492	418
Wed Apr 20 15:18:47 2016	1461179927	35	457	493	418
Wed Apr 20 15:24:37 2016	1461180277	36	457	493	417
Wed Apr 20 15:22:18 2016	1461180138	35	458	493	419
Wed Apr 20 15:21:33 2016	1461180093	36	459	494	420
Wed Apr 20 15:24:37 2016	1461180277	36	459	494	418
Wed Apr 20 15:20:16 2016	1461180016	36	459	495	420
Wed Apr 20 15:20:51 2016	1461180051	35	459	495	421
Wed Apr 20 15:21:32 2016	1461180092	35	460	495	422
Wed Apr 20 15:18:23 2016	1461179903	36	460	496	421
Wed Apr 20 15:22:56 2016	1461180176	35	460	496	422
Wed Apr 20 15:20:03 2016	1461180003	35	460	496	422
Wed Apr 20 15:24:50 2016	1461180290	36	460	496	422
Wed Apr 20 15:24:37 2016	1461180277	36	460	496	421
Wed Apr 20 15:17:25 2016	1461179845	35	461	496	423
Wed Apr 20 15:22:18 2016	1461180138	35	461	496	423
Wed Apr 20 15:18:46 2016	1461179926	36	461	497	422
Wed Apr 20 15:26:04 2016	1461180364	36	461	497	422
Wed Apr 20 15:18:46 2016	1461179926	35	463	498	424
Wed Apr 20 15:20:15 2016	1461180015	36	464	499	424
Wed Apr 20 15:21:04 2016	1461180064	36	464	500	425
Wed Apr 20 15:21:03 2016	1461180063	36	464	500	425
Wed Apr 20 15:20:27 2016	1461180027	35	465	500	426
Wed Apr 20 15:27:23 2016	1461180443	35	465	500	426
Wed Apr 20 15:19:50 2016	1461179990	36	464	500	424
Wed Apr 20 15:19:49 2016	1461179989	35	465	500	427
Wed Apr 20 15:22:18 2016	1461180138	36	465	501	426
Wed Apr 20 15:19:50 2016	1461179990	36	466	501	427
Wed Apr 20 15:25:51 2016	1461180351	35	466	502	427
Wed Apr 20 15:22:18 2016	1461180138	35	467	502	429
Wed Apr 20 15:24:50 2016	1461180290	36	468	503	429
Wed Apr 20 15:17:25 2016	1461179845	35	468	504	430
Wed Apr 20 15:19:10 2016	1461179950	35	469	504	430
Wed Apr 20 15:24:50 2016	1461180290	36	468	504	430
Wed Apr 20 15:22:01 2016	1461180121	36	469	505	430
Wed Apr 20 15:20:51 2016	1461180051	36	468	505	430
Wed Apr 20 15:22:01 2016	1461180121	36	469	505	430
Wed Apr 20 15:22:18 2016	1461180138	35	470	505	431
Wed Apr 20 15:27:23 2016	1461180443	36	470	505	431
Wed Apr 20 15:24:37 2016	1461180277	36	470	506	431
Wed Apr 20 15:22:02 2016	1461180122	36	471	506	432
Wed Apr 20 15:25:51 2016	1461180351	36	471	507	432
Wed Apr 20 15:26:55 2016	1461180415	36	472	508	433
Wed Apr 20 15:21:48 2016	1461180108	36	472	508	433
Wed Apr 20 15:20:03 2016	1461180003	36	473	508	434
Wed Apr 20 15:18:47 2016	1461179927	35	473	508	434
Wed Apr 20 15:25:51 2016	1461180351	39	469	508	430
Wed Apr 20 15:18:23 2016	1461179903	37	471	508	433
Wed Apr 20 15:24:50 2016	1461180290	36	473	508	434
Wed Apr 20 15:24:37 2016	1461180277	35	473	508	435
Wed Apr 20 15:21:04 2016	1461180064	36	473	509	434
Wed Apr 20 15:20:40 2016	1461180040	36	473	509	435
Wed Apr 20 15:26:30 2016	1461180390	35	474	509	435
Wed Apr 20 15:27:22 2016	1461180442	35	474	509	436
Wed Apr 20 15:24:50 2016	1461180290	35	474	509	436
Wed Apr 20 15:19:50 2016	1461179990	36	474	510	435
Wed Apr 20 15:24:37 2016	1461180277	35	474	510	436
Wed Apr 20 15:20:27 2016	1461180027	35	475	510	436
Wed Apr 20 15:17:25 2016	1461179845	36	475	510	436
Wed Apr 20 15:18:24 2016	1461179904	35	475	510	436
Wed Apr 20 15:18:46 2016	1461179926	35	476	512	438
Wed Apr 20 15:19:49 2016	1461179989	36	476	512	438
Wed Apr 20 15:21:04 2016	1461180064	35	477	512	438
Wed Apr 20 15:21:32 2016	1461180092	37	475	512	436
Wed Apr 20 15:22:44 2016	1461180164	35	477	512	438
Wed Apr 20 15:20:39 2016	1461180039	36	477	512	438
Wed Apr 20 15:20:40 2016	1461180040	36	477	512	438
Wed Apr 20 15:27:22 2016	1461180442	35	477	512	439
Wed Apr 20 15:18:23 2016	1461179903	36	477	513	439
Wed Apr 20 15:20:52 2016	1461180052	35	478	513	440
Wed Apr 20 15:21:04 2016	1461180064	35	478	514	440
Wed Apr 20 15:22:55 2016	1461180175	36	478	514	440
Wed Apr 20 15:18:24 2016	1461179904	35	479	514	440
Wed Apr 20 15:21:04 2016	1461180064	37	477	514	438
Wed Apr 20 15:20:15 2016	1461180015	36	479	515	440
Wed Apr 20 15:19:50 2016	1461179990	35	480	515	441
Wed Apr 20 15:20:52 2016	1461180052	36	480	516	441
Wed Apr 20 15:22:18 2016	1461180138	36	481	516	442
Wed Apr 20 15:27:22 2016	1461180442	35	481	516	442
Wed Apr 20 15:19:50 2016	1461179990	36	480	516	436
Wed Apr 20 15:20:40 2016	1461180040	35	481	516	443
Wed Apr 20 15:15:52 2016	1461179752	36	481	517	442
Wed Apr 20 15:19:50 2016	1461179990	35	482	517	443
Wed Apr 20 15:18:47 2016	1461179927	35	483	519	445
Wed Apr 20 15:24:37 2016	1461180277	35	484	519	445
Wed Apr 20 15:22:32 2016	1461180152	36	484	519	445
Wed Apr 20 15:22:55 2016	1461180175	35	484	519	445
Wed Apr 20 15:19:50 2016	1461179990	35	484	519	446
Wed Apr 20 15:26:30 2016	1461180390	35	484	519	446
Wed Apr 20 15:20:03 2016	1461180003	37	482	519	444
Wed Apr 20 15:22:02 2016	1461180122	35	484	519	446
Wed Apr 20 15:18:35 2016	1461179915	36	484	520	445
Wed Apr 20 15:22:18 2016	1461180138	36	484	520	445
Wed Apr 20 15:24:50 2016	1461180290	36	484	520	446
Wed Apr 20 15:21:04 2016	1461180064	35	486	521	447
Wed Apr 20 15:18:59 2016	1461179939	35	486	521	448
Wed Apr 20 15:17:26 2016	1461179846	36	486	521	441
Wed Apr 20 15:22:02 2016	1461180122	35	486	521	448
Wed Apr 20 15:25:51 2016	1461180351	36	486	522	447
Wed Apr 20 15:19:10 2016	1461179950	36	486	522	447
Wed Apr 20 15:19:49 2016	1461179989	36	486	522	448
Wed Apr 20 15:19:49 2016	1461179989	35	486	522	448
Wed Apr 20 15:25:51 2016	1461180351	36	486	522	446
Wed Apr 20 15:27:22 2016	1461180442	35	487	522	448
Wed Apr 20 15:20:02 2016	1461180002	36	487	522	448
Wed Apr 20 15:21:03 2016	1461180063	36	487	523	448
Wed Apr 20 15:25:51 2016	1461180351	35	488	523	443
Wed Apr 20 15:21:03 2016	1461180063	36	487	523	449
Wed Apr 20 15:22:01 2016	1461180121	35	487	523	449
Wed Apr 20 15:21:03 2016	1461180063	35	488	523	449
Wed Apr 20 15:21:33 2016	1461180093	36	488	523	449
Wed Apr 20 15:24:50 2016	1461180290	37	486	523	448
Wed Apr 20 15:20:02 2016	1461180002	37	486	524	448
Wed Apr 20 15:25:51 2016	1461180351	36	488	524	449
Wed Apr 20 15:19:50 2016	1461179990	35	489	524	449
Wed Apr 20 15:19:50 2016	1461179990	36	489	524	450
Wed Apr 20 15:19:49 2016	1461179989	36	489	524	450
Wed Apr 20 15:21:17 2016	1461180077	35	489	525	451
Wed Apr 20 15:21:33 2016	1461180093	36	489	525	451
Wed Apr 20 15:23:27 2016	1461180207	36	489	525	450
Wed Apr 20 15:18:24 2016	1461179904	35	490	525	450
Wed Apr 20 15:18:24 2016	1461179904	35	490	525	450
Wed Apr 20 15:21:04 2016	1461180064	35	490	525	451
Wed Apr 20 15:15:52 2016	1461179752	38	488	526	449
Wed Apr 20 15:23:27 2016	1461180207	37	489	526	450
Wed Apr 20 15:21:03 2016	1461180063	36	491	526	452
Wed Apr 20 15:19:37 2016	1461179977	35	491	526	453
Wed Apr 20 15:15:52 2016	1461179752	35	492	528	453
Wed Apr 20 15:27:22 2016	1461180442	35	493	528	454
Wed Apr 20 15:22:01 2016	1461180121	35	493	528	454
Wed Apr 20 15:21:17 2016	1461180077	36	493	528	454
Wed Apr 20 15:21:04 2016	1461180064	35	493	529	455
Wed Apr 20 15:21:04 2016	1461180064	35	494	529	456
Wed Apr 20 15:27:22 2016	1461180442	38	492	530	452
Wed Apr 20 15:20:41 2016	1461180041	36	494	530	456
Wed Apr 20 15:23:54 2016	1461180234	35	495	530	457
Wed Apr 20 15:17:25 2016	1461179845	35	495	531	457
Wed Apr 20 15:19:11 2016	1461179951	42	489	531	450
Wed Apr 20 15:18:24 2016	1461179904	35	496	531	458
Wed Apr 20 15:18:58 2016	1461179938	35	496	531	457
Wed Apr 20 15:26:04 2016	1461180364	36	496	532	457
Wed Apr 20 15:26:30 2016	1461180390	36	496	532	457
Wed Apr 20 15:24:36 2016	1461180276	36	496	532	458
Wed Apr 20 15:18:24 2016	1461179904	35	497	532	458
Wed Apr 20 15:19:37 2016	1461179977	35	497	532	458
Wed Apr 20 15:17:26 2016	1461179846	36	496	532	456
Wed Apr 20 15:21:33 2016	1461180093	35	497	533	458
Wed Apr 20 15:23:41 2016	1461180221	35	497	533	459
Wed Apr 20 15:22:18 2016	1461180138	36	497	533	458
Wed Apr 20 15:26:43 2016	1461180403	35	498	533	459
Wed Apr 20 15:17:53 2016	1461179873	35	498	534	460
Wed Apr 20 15:18:24 2016	1461179904	35	498	534	458
Wed Apr 20 15:26:55 2016	1461180415	36	498	534	460
Wed Apr 20 15:21:04 2016	1461180064	35	499	534	460
Wed Apr 20 15:20:03 2016	1461180003	36	498	534	459
Wed Apr 20 15:15:52 2016	1461179752	39	496	534	456
Wed Apr 20 15:23:27 2016	1461180207	36	499	535	460
Wed Apr 20 15:15:52 2016	1461179752	36	499	535	461
Wed Apr 20 15:26:55 2016	1461180415	35	500	535	462
Wed Apr 20 15:18:58 2016	1461179938	35	500	536	462
Wed Apr 20 15:19:10 2016	1461179950	38	498	536	459
Wed Apr 20 15:19:09 2016	1461179949	40	496	536	456
Wed Apr 20 15:22:02 2016	1461180122	35	501	536	462
Wed Apr 20 15:24:37 2016	1461180277	36	501	536	462
Wed Apr 20 15:19:37 2016	1461179977	41	496	536	457
Wed Apr 20 15:21:04 2016	1461180064	35	501	537	462
Wed Apr 20 15:18:24 2016	1461179904	35	501	537	462
Wed Apr 20 15:20:51 2016	1461180051	36	501	537	463
Wed Apr 20 15:26:55 2016	1461180415	35	503	538	464
Wed Apr 20 15:18:35 2016	1461179915	36	502	538	463
Wed Apr 20 15:18:47 2016	1461179927	35	503	538	465
Wed Apr 20 15:23:54 2016	1461180234	35	503	538	465
Wed Apr 20 15:22:18 2016	1461180138	35	503	539	465
Wed Apr 20 15:20:51 2016	1461180051	36	504	539	465
Wed Apr 20 15:17:25 2016	1461179845	35	505	540	466
Wed Apr 20 15:21:32 2016	1461180092	35	505	541	467
Wed Apr 20 15:17:25 2016	1461179845	35	505	541	467
Wed Apr 20 15:19:49 2016	1461179989	35	506	541	467
Wed Apr 20 15:26:04 2016	1461180364	35	506	541	467
Wed Apr 20 15:23:41 2016	1461180221	35	506	541	467
Wed Apr 20 15:22:45 2016	1461180165	35	507	542	468
Wed Apr 20 15:21:04 2016	1461180064	36	507	543	469
Wed Apr 20 15:23:28 2016	1461180208	36	507	543	469
Wed Apr 20 15:18:23 2016	1461179903	36	508	543	469
Wed Apr 20 15:18:35 2016	1461179915	36	507	543	468
Wed Apr 20 15:20:03 2016	1461180003	36	507	544	469
Wed Apr 20 15:19:50 2016	1461179990	35	509	544	470
Wed Apr 20 15:20:51 2016	1461180051	35	509	544	470
Wed Apr 20 15:26:17 2016	1461180377	35	510	545	471
Wed Apr 20 15:17:26 2016	1461179846	35	510	545	470
Wed Apr 20 15:19:37 2016	1461179977	36	510	545	471
Wed Apr 20 15:14:19 2016	1461179659	36	509	546	471
Wed Apr 20 15:26:17 2016	1461180377	35	511	546	472
Wed Apr 20 15:27:22 2016	1461180442	36	510	546	472
Wed Apr 20 15:18:24 2016	1461179904	36	511	546	472
Wed Apr 20 15:23:41 2016	1461180221	36	511	547	472
Wed Apr 20 15:20:39 2016	1461180039	36	512	548	473
Wed Apr 20 15:27:08 2016	1461180428	36	512	548	473
Wed Apr 20 15:21:32 2016	1461180092	36	513	549	475
Wed Apr 20 15:17:25 2016	1461179845	35	514	549	476
Wed Apr 20 15:22:55 2016	1461180175	35	514	549	475
Wed Apr 20 15:26:17 2016	1461180377	35	514	549	475
Wed Apr 20 15:18:47 2016	1461179927	36	514	549	475
Wed Apr 20 15:15:37 2016	1461179737	35	515	551	477
Wed Apr 20 15:20:27 2016	1461180027	35	515	551	477
Wed Apr 20 15:25:51 2016	1461180351	36	515	551	476
Wed Apr 20 15:23:54 2016	1461180234	35	516	552	478
Wed Apr 20 15:26:30 2016	1461180390	35	517	552	478
Wed Apr 20 15:14:19 2016	1461179659	35	517	553	479
Wed Apr 20 15:27:08 2016	1461180428	35	517	553	479
Wed Apr 20 15:21:47 2016	1461180107	35	518	553	479
Wed Apr 20 15:19:49 2016	1461179989	37	516	553	477
Wed Apr 20 15:22:55 2016	1461180175	35	518	553	479
Wed Apr 20 15:18:58 2016	1461179938	36	518	553	479
Wed Apr 20 15:22:02 2016	1461180122	35	518	553	480
Wed Apr 20 15:23:54 2016	1461180234	36	518	553	479
Wed Apr 20 15:21:03 2016	1461180063	35	519	554	480
Wed Apr 20 15:24:36 2016	1461180276	35	519	554	481
Wed Apr 20 15:19:49 2016	1461179989	36	519	554	480
Wed Apr 20 15:23:27 2016	1461180207	35	519	555	481
Wed Apr 20 15:26:44 2016	1461180404	36	519	555	481
Wed Apr 20 15:21:32 2016	1461180092	35	519	555	481
Wed Apr 20 15:23:54 2016	1461180234	35	520	555	482
Wed Apr 20 15:23:27 2016	1461180207	35	520	555	482
Wed Apr 20 15:17:25 2016	1461179845	36	520	556	481
Wed Apr 20 15:20:27 2016	1461180027	35	520	556	482
Wed Apr 20 15:27:08 2016	1461180428	35	521	556	482
Wed Apr 20 15:15:37 2016	1461179737	35	521	556	483
Wed Apr 20 15:15:37 2016	1461179737	36	520	556	482
Wed Apr 20 15:22:56 2016	1461180176	36	521	557	483
Wed Apr 20 15:19:37 2016	1461179977	35	521	557	482
Wed Apr 20 15:14:19 2016	1461179659	36	521	557	482
Wed Apr 20 15:15:37 2016	1461179737	36	522	558	483
Wed Apr 20 15:19:37 2016	1461179977	35	523	558	484
Wed Apr 20 15:19:49 2016	1461179989	35	523	558	485
Wed Apr 20 15:13:39 2016	1461179619	35	523	558	485
Wed Apr 20 15:22:18 2016	1461180138	35	523	558	485
Wed Apr 20 15:19:09 2016	1461179949	35	523	559	485
Wed Apr 20 15:13:09 2016	1461179589	35	523	559	485
Wed Apr 20 15:14:19 2016	1461179659	35	524	559	486
Wed Apr 20 15:17:25 2016	1461179845	37	522	559	483
Wed Apr 20 15:26:43 2016	1461180403	35	524	559	486
Wed Apr 20 15:15:37 2016	1461179737	35	524	560	486
Wed Apr 20 15:25:51 2016	1461180351	36	524	560	485
Wed Apr 20 15:18:58 2016	1461179938	36	524	560	486
Wed Apr 20 15:20:53 2016	1461180053	36	524	560	486
Wed Apr 20 15:14:19 2016	1461179659	35	525	560	486
Wed Apr 20 15:19:49 2016	1461179989	36	524	560	485
Wed Apr 20 15:19:49 2016	1461179989	35	525	560	487
Wed Apr 20 15:17:25 2016	1461179845	36	524	560	486
Wed Apr 20 15:22:01 2016	1461180121	35	525	561	487
Wed Apr 20 15:17:26 2016	1461179846	35	525	561	487
Wed Apr 20 15:23:27 2016	1461180207	35	526	561	487
Wed Apr 20 15:14:19 2016	1461179659	36	525	561	487
Wed Apr 20 15:14:19 2016	1461179659	36	525	561	486
Wed Apr 20 15:22:32 2016	1461180152	35	526	561	487
Wed Apr 20 15:26:04 2016	1461180364	37	525	561	486
Wed Apr 20 15:14:55 2016	1461179695	35	527	562	489
Wed Apr 20 15:15:52 2016	1461179752	38	524	562	486
Wed Apr 20 15:22:56 2016	1461180176	35	529	564	491
Wed Apr 20 15:14:19 2016	1461179659	35	529	564	491
Wed Apr 20 15:21:47 2016	1461180107	36	528	564	490
Wed Apr 20 15:14:19 2016	1461179659	36	529	564	490
Wed Apr 20 15:14:31 2016	1461179671	36	529	564	490
Wed Apr 20 15:22:56 2016	1461180176	35	529	564	490
Wed Apr 20 15:16:17 2016	1461179777	35	529	564	488
Wed Apr 20 15:26:30 2016	1461180390	35	529	565	491
Wed Apr 20 15:22:55 2016	1461180175	36	529	565	490
Wed Apr 20 15:18:24 2016	1461179904	35	529	565	491
Wed Apr 20 15:24:49 2016	1461180289	36	529	565	490
Wed Apr 20 15:14:19 2016	1461179659	36	529	565	490
Wed Apr 20 15:26:43 2016	1461180403	35	530	565	492
Wed Apr 20 15:14:19 2016	1461179659	36	530	566	489
Wed Apr 20 15:26:55 2016	1461180415	36	530	566	491
Wed Apr 20 15:22:02 2016	1461180122	36	530	566	492
Wed Apr 20 15:14:31 2016	1461179671	35	531	566	492
Wed Apr 20 15:19:37 2016	1461179977	35	531	566	492
Wed Apr 20 15:19:37 2016	1461179977	35	531	566	492
Wed Apr 20 15:16:17 2016	1461179777	35	531	566	487
Wed Apr 20 15:19:49 2016	1461179989	36	531	566	492
Wed Apr 20 15:13:10 2016	1461179590	35	531	566	493
Wed Apr 20 15:19:37 2016	1461179977	35	531	567	493
Wed Apr 20 15:21:47 2016	1461180107	35	531	567	492
Wed Apr 20 15:22:56 2016	1461180176	35	531	567	493
Wed Apr 20 15:23:28 2016	1461180208	35	531	567	493
Wed Apr 20 15:26:43 2016	1461180403	35	532	567	493
Wed Apr 20 15:14:19 2016	1461179659	36	531	567	493
Wed Apr 20 15:21:47 2016	1461180107	35	532	567	490
Wed Apr 20 15:26:30 2016	1461180390	35	532	568	494
Wed Apr 20 15:18:35 2016	1461179915	35	532	568	494
Wed Apr 20 15:21:48 2016	1461180108	36	532	568	493
Wed Apr 20 15:13:10 2016	1461179590	36	532	568	494
Wed Apr 20 15:19:50 2016	1461179990	36	532	568	493
Wed Apr 20 15:20:03 2016	1461180003	35	532	568	494
Wed Apr 20 15:26:30 2016	1461180390	35	533	568	494
Wed Apr 20 15:17:53 2016	1461179873	35	533	568	494
Wed Apr 20 15:19:37 2016	1461179977	35	533	568	495
Wed Apr 20 15:23:54 2016	1461180234	35	533	569	489
Wed Apr 20 15:13:39 2016	1461179619	35	534	569	496
Wed Apr 20 15:17:53 2016	1461179873	36	534	570	495
Wed Apr 20 15:13:10 2016	1461179590	36	534	570	496
Wed Apr 20 15:14:31 2016	1461179671	35	535	570	497
Wed Apr 20 15:26:04 2016	1461180364	35	535	570	496
Wed Apr 20 15:15:37 2016	1461179737	35	535	571	497
Wed Apr 20 15:13:39 2016	1461179619	39	532	571	494
Wed Apr 20 15:17:53 2016	1461179873	36	536	572	498
Wed Apr 20 15:17:25 2016	1461179845	35	536	572	498
Wed Apr 20 15:13:09 2016	1461179589	36	536	572	497
Wed Apr 20 15:22:56 2016	1461180176	36	536	572	497
Wed Apr 20 15:18:35 2016	1461179915	35	537	572	498
Wed Apr 20 15:13:10 2016	1461179590	35	537	572	498
Wed Apr 20 15:18:34 2016	1461179914	36	536	572	498
Wed Apr 20 15:18:34 2016	1461179914	35	536	572	498
Wed Apr 20 15:13:10 2016	1461179590	36	536	572	498
Wed Apr 20 15:23:27 2016	1461180207	36	536	572	497
Wed Apr 20 15:18:58 2016	1461179938	35	537	572	499
Wed Apr 20 15:24:36 2016	1461180276	36	536	572	498
Wed Apr 20 15:21:32 2016	1461180092	35	537	573	494
Wed Apr 20 15:19:36 2016	1461179976	35	537	573	499
Wed Apr 20 15:14:18 2016	1461179658	37	536	573	497
Wed Apr 20 15:14:31 2016	1461179671	36	537	573	499
Wed Apr 20 15:14:19 2016	1461179659	36	538	573	499
Wed Apr 20 15:18:59 2016	1461179939	38	535	573	496
Wed Apr 20 15:13:09 2016	1461179589	35	538	574	500
Wed Apr 20 15:26:55 2016	1461180415	35	539	574	499
Wed Apr 20 15:26:30 2016	1461180390	35	539	574	500
Wed Apr 20 15:24:37 2016	1461180277	36	539	574	500
Wed Apr 20 15:13:39 2016	1461179619	37	538	574	499
Wed Apr 20 15:14:31 2016	1461179671	36	539	575	500
Wed Apr 20 15:15:52 2016	1461179752	35	540	575	498
Wed Apr 20 15:17:53 2016	1461179873	36	539	575	500
Wed Apr 20 15:20:51 2016	1461180051	36	539	575	501
Wed Apr 20 15:14:43 2016	1461179683	35	540	575	501
Wed Apr 20 15:19:36 2016	1461179976	35	540	575	502
Wed Apr 20 15:20:51 2016	1461180051	35	540	576	502
Wed Apr 20 15:14:31 2016	1461179671	35	540	576	502
Wed Apr 20 15:13:09 2016	1461179589	35	541	577	503
Wed Apr 20 15:21:33 2016	1461180093	36	541	577	502
Wed Apr 20 15:19:49 2016	1461179989	35	541	577	503
Wed Apr 20 15:16:17 2016	1461179777	35	542	577	500
Wed Apr 20 15:14:31 2016	1461179671	35	542	577	502
Wed Apr 20 15:22:56 2016	1461180176	35	542	577	504
Wed Apr 20 15:14:19 2016	1461179659	35	542	577	504
Wed Apr 20 15:23:54 2016	1461180234	36	542	577	503
Wed Apr 20 15:26:31 2016	1461180391	35	542	577	504
Wed Apr 20 15:26:55 2016	1461180415	35	542	578	504
Wed Apr 20 15:22:56 2016	1461180176	36	542	578	503
Wed Apr 20 15:20:02 2016	1461180002	35	542	578	504
Wed Apr 20 15:27:22 2016	1461180442	36	543	578	504
Wed Apr 20 15:26:17 2016	1461180377	36	543	579	504
Wed Apr 20 15:26:17 2016	1461180377	35	543	579	499
Wed Apr 20 15:26:55 2016	1461180415	36	543	579	505
Wed Apr 20 15:14:31 2016	1461179671	35	544	579	505
Wed Apr 20 15:22:32 2016	1461180152	35	544	579	505
Wed Apr 20 15:21:32 2016	1461180092	36	544	580	506
Wed Apr 20 15:16:17 2016	1461179777	36	544	580	506
Wed Apr 20 15:26:31 2016	1461180391	35	545	580	506
Wed Apr 20 15:18:24 2016	1461179904	35	545	580	507
Wed Apr 20 15:13:39 2016	1461179619	35	546	581	507
Wed Apr 20 15:16:17 2016	1461179777	35	546	581	507
Wed Apr 20 15:23:54 2016	1461180234	36	545	581	507
Wed Apr 20 15:16:42 2016	1461179802	35	546	581	507
Wed Apr 20 15:16:42 2016	1461179802	35	546	581	508
Wed Apr 20 15:15:52 2016	1461179752	35	546	582	508
Wed Apr 20 15:24:24 2016	1461180264	35	546	582	507
Wed Apr 20 15:16:17 2016	1461179777	35	546	582	507
Wed Apr 20 15:14:43 2016	1461179683	35	546	582	508
Wed Apr 20 15:23:27 2016	1461180207	35	546	582	508
Wed Apr 20 15:26:44 2016	1461180404	35	547	582	508
Wed Apr 20 15:14:19 2016	1461179659	36	547	582	508
Wed Apr 20 15:14:55 2016	1461179695	36	547	583	508
Wed Apr 20 15:23:54 2016	1461180234	35	548	583	509
Wed Apr 20 15:14:43 2016	1461179683	37	546	583	508
Wed Apr 20 15:23:41 2016	1461180221	35	548	583	509
Wed Apr 20 15:20:39 2016	1461180039	36	548	583	509
Wed Apr 20 15:13:38 2016	1461179618	35	548	583	509
Wed Apr 20 15:16:18 2016	1461179778	36	548	583	494
Wed Apr 20 15:14:31 2016	1461179671	36	548	583	509
Wed Apr 20 15:22:55 2016	1461180175	40	544	584	505
Wed Apr 20 15:18:34 2016	1461179914	36	548	584	505
Wed Apr 20 15:14:31 2016	1461179671	38	546	584	508
Wed Apr 20 15:22:18 2016	1461180138	36	548	584	509
Wed Apr 20 15:21:04 2016	1461180064	36	549	584	510
Wed Apr 20 15:26:04 2016	1461180364	36	548	584	510
Wed Apr 20 15:13:10 2016	1461179590	35	549	584	511
Wed Apr 20 15:23:27 2016	1461180207	36	549	584	510
Wed Apr 20 15:17:25 2016	1461179845	35	549	585	511
Wed Apr 20 15:14:19 2016	1461179659	35	549	585	511
Wed Apr 20 15:21:03 2016	1461180063	35	549	585	511
Wed Apr 20 15:23:41 2016	1461180221	35	549	585	510
Wed Apr 20 15:22:55 2016	1461180175	35	550	585	511
Wed Apr 20 15:27:08 2016	1461180428	36	550	585	511
Wed Apr 20 15:14:55 2016	1461179695	36	550	585	511
Wed Apr 20 15:14:55 2016	1461179695	36	550	586	512
Wed Apr 20 15:24:23 2016	1461180263	36	551	586	512
Wed Apr 20 15:15:37 2016	1461179737	35	551	587	513
Wed Apr 20 15:16:18 2016	1461179778	36	551	587	497
Wed Apr 20 15:21:03 2016	1461180063	35	551	587	513
Wed Apr 20 15:15:37 2016	1461179737	35	551	587	513
Wed Apr 20 15:26:04 2016	1461180364	35	552	587	513
Wed Apr 20 15:16:17 2016	1461179777	35	552	588	511
Wed Apr 20 15:24:08 2016	1461180248	35	553	588	514
Wed Apr 20 15:22:33 2016	1461180153	37	551	588	512
Wed Apr 20 15:14:55 2016	1461179695	36	552	588	513
Wed Apr 20 15:22:18 2016	1461180138	35	553	588	514
Wed Apr 20 15:24:23 2016	1461180263	36	553	588	509
Wed Apr 20 15:25:51 2016	1461180351	35	553	588	513
Wed Apr 20 15:13:38 2016	1461179618	35	553	588	515
Wed Apr 20 15:14:43 2016	1461179683	36	553	588	514
Wed Apr 20 15:16:17 2016	1461179777	36	553	588	509
Wed Apr 20 15:22:56 2016	1461180176	35	554	589	510
Wed Apr 20 15:21:17 2016	1461180077	36	552	589	514
Wed Apr 20 15:27:22 2016	1461180442	36	553	589	515
Wed Apr 20 15:17:55 2016	1461179875	35	554	589	515
Wed Apr 20 15:22:44 2016	1461180164	35	554	589	515
Wed Apr 20 15:16:17 2016	1461179777	35	554	589	510
Wed Apr 20 15:14:43 2016	1461179683	36	554	589	515
Wed Apr 20 15:27:08 2016	1461180428	35	555	590	516
Wed Apr 20 15:15:37 2016	1461179737	35	555	590	516
Wed Apr 20 15:26:17 2016	1461180377	35	555	590	516
Wed Apr 20 15:19:37 2016	1461179977	35	555	590	517
Wed Apr 20 15:26:30 2016	1461180390	35	555	590	516
Wed Apr 20 15:15:52 2016	1461179752	35	555	590	517
Wed Apr 20 15:24:23 2016	1461180263	36	555	591	516
Wed Apr 20 15:14:55 2016	1461179695	37	554	591	516
Wed Apr 20 15:17:25 2016	1461179845	37	554	591	515
Wed Apr 20 15:13:09 2016	1461179589	36	556	591	517
Wed Apr 20 15:16:05 2016	1461179765	36	556	591	517
Wed Apr 20 15:16:42 2016	1461179802	36	556	592	518
Wed Apr 20 15:13:38 2016	1461179618	36	556	592	515
Wed Apr 20 15:26:17 2016	1461180377	36	556	592	518
Wed Apr 20 15:13:09 2016	1461179589	35	557	592	518
Wed Apr 20 15:14:55 2016	1461179695	36	556	592	518
Wed Apr 20 15:19:36 2016	1461179976	36	557	592	518
Wed Apr 20 15:11:19 2016	1461179479	36	556	592	518
Wed Apr 20 15:14:55 2016	1461179695	36	557	593	518
Wed Apr 20 15:16:42 2016	1461179802	36	557	593	519
Wed Apr 20 15:26:03 2016	1461180363	36	557	593	519
Wed Apr 20 15:17:53 2016	1461179873	36	557	593	519
Wed Apr 20 15:20:39 2016	1461180039	37	557	593	518
Wed Apr 20 15:20:03 2016	1461180003	36	558	594	520
Wed Apr 20 15:16:17 2016	1461179777	36	559	594	514
Wed Apr 20 15:18:57 2016	1461179937	36	558	594	520
Wed Apr 20 15:14:43 2016	1461179683	37	558	594	519
Wed Apr 20 15:24:36 2016	1461180276	35	559	595	521
Wed Apr 20 15:14:31 2016	1461179671	35	559	595	521
Wed Apr 20 15:23:41 2016	1461180221	36	559	595	521
Wed Apr 20 15:14:55 2016	1461179695	36	559	595	520
Wed Apr 20 15:24:08 2016	1461180248	35	559	595	521
Wed Apr 20 15:22:01 2016	1461180121	35	560	596	522
Wed Apr 20 15:14:55 2016	1461179695	35	560	596	522
Wed Apr 20 15:24:08 2016	1461180248	35	561	596	522
Wed Apr 20 15:20:15 2016	1461180015	37	559	596	519
Wed Apr 20 15:17:26 2016	1461179846	35	561	596	522
Wed Apr 20 15:16:05 2016	1461179765	38	559	597	521
Wed Apr 20 15:12:11 2016	1461179531	35	562	597	524
Wed Apr 20 15:16:43 2016	1461179803	36	562	597	523
Wed Apr 20 15:24:36 2016	1461180276	36	561	597	523
Wed Apr 20 15:13:38 2016	1461179618	35	562	597	524
Wed Apr 20 15:19:36 2016	1461179976	35	562	598	524
Wed Apr 20 15:11:19 2016	1461179479	36	562	598	518
Wed Apr 20 15:16:42 2016	1461179802	36	562	598	523
Wed Apr 20 15:22:18 2016	1461180138	35	563	598	524
Wed Apr 20 15:22:56 2016	1461180176	35	563	599	524
Wed Apr 20 15:16:05 2016	1461179765	36	563	599	523
Wed Apr 20 15:19:37 2016	1461179977	36	563	599	524
Wed Apr 20 15:19:37 2016	1461179977	35	564	599	525
Wed Apr 20 15:14:55 2016	1461179695	35	564	599	525
Wed Apr 20 15:17:53 2016	1461179873	35	564	599	526
Wed Apr 20 15:24:23 2016	1461180263	35	564	599	525
Wed Apr 20 15:16:42 2016	1461179802	35	564	600	526
Wed Apr 20 15:16:42 2016	1461179802	36	565	600	526
Wed Apr 20 15:14:55 2016	1461179695	35	565	600	527
Wed Apr 20 15:26:03 2016	1461180363	37	563	600	524
Wed Apr 20 15:19:36 2016	1461179976	36	565	600	526
Wed Apr 20 15:13:09 2016	1461179589	36	564	601	526
Wed Apr 20 15:19:37 2016	1461179977	35	565	601	527
Wed Apr 20 15:20:39 2016	1461180039	35	565	601	527
Wed Apr 20 15:14:43 2016	1461179683	35	565	601	520
Wed Apr 20 15:20:15 2016	1461180015	36	565	601	527
Wed Apr 20 15:16:05 2016	1461179765	36	565	601	526
Wed Apr 20 15:14:55 2016	1461179695	35	566	601	522
Wed Apr 20 15:26:03 2016	1461180363	35	566	602	528
Wed Apr 20 15:26:17 2016	1461180377	35	566	602	528
Wed Apr 20 15:11:58 2016	1461179518	36	566	602	527
Wed Apr 20 15:26:04 2016	1461180364	35	566	602	528
Wed Apr 20 15:15:52 2016	1461179752	35	567	602	528
Wed Apr 20 15:18:57 2016	1461179937	36	566	602	528
Wed Apr 20 15:16:42 2016	1461179802	35	567	602	529
Wed Apr 20 15:26:03 2016	1461180363	35	567	603	529
Wed Apr 20 15:22:56 2016	1461180176	36	567	603	521
Wed Apr 20 15:27:08 2016	1461180428	35	568	603	529
Wed Apr 20 15:16:43 2016	1461179803	36	567	603	529
Wed Apr 20 15:11:58 2016	1461179518	35	568	603	529
Wed Apr 20 15:14:55 2016	1461179695	35	568	603	529
Wed Apr 20 15:12:11 2016	1461179531	35	568	603	530
Wed Apr 20 15:23:40 2016	1461180220	36	568	603	529
Wed Apr 20 15:24:49 2016	1461180289	35	568	604	530
Wed Apr 20 15:17:25 2016	1461179845	37	567	604	529
Wed Apr 20 15:11:58 2016	1461179518	35	568	604	530
Wed Apr 20 15:17:26 2016	1461179846	36	568	604	529
Wed Apr 20 15:17:25 2016	1461179845	35	569	604	530
Wed Apr 20 15:16:05 2016	1461179765	42	562	604	522
Wed Apr 20 15:24:23 2016	1461180263	35	569	604	528
Wed Apr 20 15:26:04 2016	1461180364	36	569	604	530
Wed Apr 20 15:17:55 2016	1461179875	35	569	605	531
Wed Apr 20 15:14:43 2016	1461179683	35	569	605	531
Wed Apr 20 15:19:09 2016	1461179949	35	570	605	531
Wed Apr 20 15:16:05 2016	1461179765	35	570	605	531
Wed Apr 20 15:24:23 2016	1461180263	35	570	605	531
Wed Apr 20 15:20:03 2016	1461180003	37	568	605	530
Wed Apr 20 15:14:31 2016	1461179671	36	570	606	531
Wed Apr 20 15:23:54 2016	1461180234	36	570	606	531
Wed Apr 20 15:26:03 2016	1461180363	35	570	606	532
Wed Apr 20 15:22:44 2016	1461180164	35	571	606	532
Wed Apr 20 15:19:35 2016	1461179975	36	570	606	526
Wed Apr 20 15:16:43 2016	1461179803	35	571	606	533
Wed Apr 20 15:14:55 2016	1461179695	36	570	606	531
Wed Apr 20 15:21:48 2016	1461180108	35	571	606	533
Wed Apr 20 15:17:40 2016	1461179860	36	571	607	533
Wed Apr 20 15:14:43 2016	1461179683	35	572	607	534
Wed Apr 20 15:13:38 2016	1461179618	36	572	607	533
Wed Apr 20 15:21:04 2016	1461180064	35	572	607	534
Wed Apr 20 15:23:41 2016	1461180221	36	572	608	533
Wed Apr 20 15:16:43 2016	1461179803	35	573	608	534
Wed Apr 20 15:11:58 2016	1461179518	37	571	608	532
Wed Apr 20 15:26:55 2016	1461180415	36	573	608	533
Wed Apr 20 15:14:55 2016	1461179695	36	573	608	533
Wed Apr 20 15:15:37 2016	1461179737	36	573	608	534
Wed Apr 20 15:26:04 2016	1461180364	36	573	608	534
Wed Apr 20 15:13:38 2016	1461179618	36	573	608	534
Wed Apr 20 15:23:41 2016	1461180221	35	573	608	535
Wed Apr 20 15:16:18 2016	1461179778	38	571	609	519
Wed Apr 20 15:27:08 2016	1461180428	35	573	609	530
Wed Apr 20 15:19:35 2016	1461179975	36	573	609	535
Wed Apr 20 15:15:37 2016	1461179737	35	573	609	530
Wed Apr 20 15:26:30 2016	1461180390	35	574	609	535
Wed Apr 20 15:24:08 2016	1461180248	36	573	609	535
Wed Apr 20 15:16:42 2016	1461179802	35	574	609	535
Wed Apr 20 15:16:18 2016	1461179778	40	570	610	519
Wed Apr 20 15:19:36 2016	1461179976	36	574	610	536
Wed Apr 20 15:23:41 2016	1461180221	35	575	610	536
Wed Apr 20 15:11:33 2016	1461179493	36	575	611	536
Wed Apr 20 15:18:59 2016	1461179939	37	574	611	535
Wed Apr 20 15:23:41 2016	1461180221	35	575	611	537
Wed Apr 20 15:24:24 2016	1461180264	36	575	611	536
Wed Apr 20 15:19:36 2016	1461179976	35	575	611	537
Wed Apr 20 15:11:58 2016	1461179518	36	575	611	537
Wed Apr 20 15:16:05 2016	1461179765	35	575	611	536
Wed Apr 20 15:11:58 2016	1461179518	35	575	611	537
Wed Apr 20 15:20:16 2016	1461180016	35	575	611	537
Wed Apr 20 15:18:23 2016	1461179903	35	576	611	537
Wed Apr 20 15:15:37 2016	1461179737	35	576	611	537
Wed Apr 20 15:18:34 2016	1461179914	36	576	611	537
Wed Apr 20 15:20:15 2016	1461180015	36	575	611	536
Wed Apr 20 15:15:37 2016	1461179737	35	576	611	538
Wed Apr 20 15:22:18 2016	1461180138	36	576	611	537
Wed Apr 20 15:16:42 2016	1461179802	36	576	612	537
Wed Apr 20 15:21:47 2016	1461180107	35	576	612	538
Wed Apr 20 15:21:18 2016	1461180078	35	576	612	538
Wed Apr 20 15:16:05 2016	1461179765	35	576	612	538
Wed Apr 20 15:11:33 2016	1461179493	35	577	612	539
Wed Apr 20 15:16:43 2016	1461179803	35	577	612	539
Wed Apr 20 15:21:48 2016	1461180108	40	573	613	534
Wed Apr 20 15:26:15 2016	1461180375	35	577	613	539
Wed Apr 20 15:13:10 2016	1461179590	35	577	613	538
Wed Apr 20 15:15:37 2016	1461179737	35	578	613	539
Wed Apr 20 15:16:05 2016	1461179765	36	578	613	539
Wed Apr 20 15:26:03 2016	1461180363	35	578	613	539
Wed Apr 20 15:24:09 2016	1461180249	38	575	613	537
Wed Apr 20 15:11:46 2016	1461179506	36	578	613	539
Wed Apr 20 15:22:55 2016	1461180175	35	578	614	540
Wed Apr 20 15:24:23 2016	1461180263	36	578	614	540
Wed Apr 20 15:23:55 2016	1461180235	36	578	614	540
Wed Apr 20 15:11:33 2016	1461179493	35	579	614	540
Wed Apr 20 15:20:51 2016	1461180051	36	579	614	538
Wed Apr 20 15:17:25 2016	1461179845	37	578	615	539
Wed Apr 20 15:22:02 2016	1461180122	36	579	615	540
Wed Apr 20 15:17:40 2016	1461179860	36	579	615	540
Wed Apr 20 15:23:27 2016	1461180207	36	579	615	541
Wed Apr 20 15:18:46 2016	1461179926	36	579	615	540
Wed Apr 20 15:26:44 2016	1461180404	36	580	615	541
Wed Apr 20 15:26:04 2016	1461180364	35	580	616	542
Wed Apr 20 15:25:19 2016	1461180319	36	580	616	541
Wed Apr 20 15:25:19 2016	1461180319	36	580	616	541
Wed Apr 20 15:14:55 2016	1461179695	35	580	616	515
Wed Apr 20 15:16:30 2016	1461179790	35	581	616	542
Wed Apr 20 15:20:29 2016	1461180029	35	580	616	542
Wed Apr 20 15:20:03 2016	1461180003	36	581	616	542
Wed Apr 20 15:27:08 2016	1461180428	35	581	616	542
Wed Apr 20 15:17:53 2016	1461179873	37	580	617	541
Wed Apr 20 15:25:19 2016	1461180319	36	581	617	542
Wed Apr 20 15:25:19 2016	1461180319	36	581	617	542
Wed Apr 20 15:11:58 2016	1461179518	36	581	617	543
Wed Apr 20 15:24:23 2016	1461180263	36	582	617	543
Wed Apr 20 15:14:43 2016	1461179683	35	582	617	541
Wed Apr 20 15:22:18 2016	1461180138	35	583	618	544
Wed Apr 20 15:18:23 2016	1461179903	35	583	618	544
Wed Apr 20 15:16:17 2016	1461179777	36	583	618	544
Wed Apr 20 15:16:18 2016	1461179778	40	578	618	524
Wed Apr 20 15:13:51 2016	1461179631	35	583	618	544
Wed Apr 20 15:17:53 2016	1461179873	37	582	618	543
Wed Apr 20 15:17:25 2016	1461179845	36	583	619	497
Wed Apr 20 15:18:24 2016	1461179904	40	579	619	541
Wed Apr 20 15:18:36 2016	1461179916	35	584	619	545
Wed Apr 20 15:17:41 2016	1461179861	35	584	619	545
Wed Apr 20 15:16:30 2016	1461179790	36	583	619	545
Wed Apr 20 15:22:18 2016	1461180138	35	584	619	545
Wed Apr 20 15:14:54 2016	1461179694	36	584	620	545
Wed Apr 20 15:17:55 2016	1461179875	35	584	620	546
Wed Apr 20 15:22:02 2016	1461180122	37	583	620	545
Wed Apr 20 15:23:40 2016	1461180220	35	584	620	546
Wed Apr 20 15:19:35 2016	1461179975	36	584	620	546
Wed Apr 20 15:17:41 2016	1461179861	35	585	620	546
Wed Apr 20 15:13:51 2016	1461179631	37	583	620	545
Wed Apr 20 15:23:55 2016	1461180235	35	585	620	546
Wed Apr 20 15:16:42 2016	1461179802	35	585	620	546
Wed Apr 20 15:16:05 2016	1461179765	37	583	620	539
Wed Apr 20 15:13:10 2016	1461179590	36	585	620	546
Wed Apr 20 15:13:51 2016	1461179631	36	585	620	546
Wed Apr 20 15:24:23 2016	1461180263	36	585	620	546
Wed Apr 20 15:26:53 2016	1461180413	36	585	621	546
Wed Apr 20 15:13:51 2016	1461179631	35	585	621	547
Wed Apr 20 15:27:22 2016	1461180442	36	585	621	547
Wed Apr 20 15:24:08 2016	1461180248	36	586	621	547
Wed Apr 20 15:16:42 2016	1461179802	36	585	621	546
Wed Apr 20 15:19:36 2016	1461179976	36	585	621	547
Wed Apr 20 15:21:03 2016	1461180063	36	586	621	547
Wed Apr 20 15:26:15 2016	1461180375	35	586	621	547
Wed Apr 20 15:22:01 2016	1461180121	36	586	622	547
Wed Apr 20 15:26:43 2016	1461180403	36	586	622	547
Wed Apr 20 15:27:22 2016	1461180442	36	586	622	548
Wed Apr 20 15:26:55 2016	1461180415	35	587	622	549
Wed Apr 20 15:26:15 2016	1461180375	35	587	622	549
Wed Apr 20 15:17:55 2016	1461179875	35	587	622	548
Wed Apr 20 15:25:19 2016	1461180319	35	588	623	549
Wed Apr 20 15:23:55 2016	1461180235	36	587	623	548
Wed Apr 20 15:23:55 2016	1461180235	35	588	623	549
Wed Apr 20 15:27:08 2016	1461180428	35	588	623	549
Wed Apr 20 15:21:48 2016	1461180108	35	588	623	549
Wed Apr 20 15:11:58 2016	1461179518	35	588	623	549
Wed Apr 20 15:11:33 2016	1461179493	36	587	623	544
Wed Apr 20 15:11:46 2016	1461179506	36	587	624	549
Wed Apr 20 15:11:45 2016	1461179505	35	588	624	550
Wed Apr 20 15:18:33 2016	1461179913	36	588	624	550
Wed Apr 20 15:21:48 2016	1461180108	36	588	624	550
Wed Apr 20 15:24:36 2016	1461180276	35	589	624	551
Wed Apr 20 15:13:39 2016	1461179619	36	589	625	550
Wed Apr 20 15:22:44 2016	1461180164	35	590	625	551
Wed Apr 20 15:20:14 2016	1461180014	36	589	625	550
Wed Apr 20 15:26:31 2016	1461180391	35	590	625	551
Wed Apr 20 15:19:36 2016	1461179976	35	589	625	551
Wed Apr 20 15:23:55 2016	1461180235	35	590	625	551
Wed Apr 20 15:11:45 2016	1461179505	35	590	625	547
Wed Apr 20 15:23:55 2016	1461180235	36	590	625	551
Wed Apr 20 15:27:08 2016	1461180428	35	590	626	552
Wed Apr 20 15:23:28 2016	1461180208	36	590	626	546
Wed Apr 20 15:23:54 2016	1461180234	35	590	626	552
Wed Apr 20 15:18:33 2016	1461179913	36	590	626	551
Wed Apr 20 15:26:17 2016	1461180377	36	590	626	551
Wed Apr 20 15:21:47 2016	1461180107	35	591	626	552
Wed Apr 20 15:18:57 2016	1461179937	37	589	626	550
Wed Apr 20 15:13:51 2016	1461179631	35	591	626	552
Wed Apr 20 15:20:41 2016	1461180041	36	590	626	550
Wed Apr 20 15:20:14 2016	1461180014	36	590	626	551
Wed Apr 20 15:11:45 2016	1461179505	35	591	627	553
Wed Apr 20 15:13:51 2016	1461179631	36	591	627	551
Wed Apr 20 15:25:19 2016	1461180319	35	591	627	553
Wed Apr 20 15:26:53 2016	1461180413	36	591	627	553
Wed Apr 20 15:17:41 2016	1461179861	37	590	627	551
Wed Apr 20 15:23:55 2016	1461180235	35	592	627	553
Wed Apr 20 15:14:30 2016	1461179670	36	591	627	552
Wed Apr 20 15:20:14 2016	1461180014	36	592	627	553
Wed Apr 20 15:22:02 2016	1461180122	35	592	627	553
Wed Apr 20 15:16:30 2016	1461179790	35	592	628	554
Wed Apr 20 15:21:04 2016	1461180064	35	592	628	554
Wed Apr 20 15:14:56 2016	1461179696	35	593	628	554
Wed Apr 20 15:16:18 2016	1461179778	41	587	628	542
Wed Apr 20 15:19:36 2016	1461179976	35	593	629	555
Wed Apr 20 15:13:39 2016	1461179619	35	593	629	555
Wed Apr 20 15:11:58 2016	1461179518	35	594	629	555
Wed Apr 20 15:23:55 2016	1461180235	36	594	629	555
Wed Apr 20 15:26:53 2016	1461180413	36	593	629	555
Wed Apr 20 15:13:51 2016	1461179631	35	594	629	556
Wed Apr 20 15:27:08 2016	1461180428	36	594	629	555
Wed Apr 20 15:26:15 2016	1461180375	36	594	629	555
Wed Apr 20 15:24:08 2016	1461180248	36	594	630	555
Wed Apr 20 15:16:30 2016	1461179790	36	594	630	555
Wed Apr 20 15:13:38 2016	1461179618	35	594	630	556
Wed Apr 20 15:26:53 2016	1461180413	35	594	630	554
Wed Apr 20 15:20:27 2016	1461180027	35	595	630	556
Wed Apr 20 15:18:33 2016	1461179913	36	594	630	556
Wed Apr 20 15:25:19 2016	1461180319	35	595	630	556
Wed Apr 20 15:20:14 2016	1461180014	36	594	630	556
Wed Apr 20 15:19:09 2016	1461179949	36	595	630	556
Wed Apr 20 15:20:03 2016	1461180003	36	595	630	550
Wed Apr 20 15:11:58 2016	1461179518	36	595	630	556
Wed Apr 20 15:20:39 2016	1461180039	36	595	630	556
Wed Apr 20 15:17:55 2016	1461179875	36	595	630	556
Wed Apr 20 15:17:40 2016	1461179860	36	594	631	556
Wed Apr 20 15:18:33 2016	1461179913	35	595	631	557
Wed Apr 20 15:24:49 2016	1461180289	36	595	631	557
Wed Apr 20 15:26:17 2016	1461180377	36	596	631	557
Wed Apr 20 15:19:35 2016	1461179975	36	596	631	557
Wed Apr 20 15:13:38 2016	1461179618	36	596	631	557
Wed Apr 20 15:20:14 2016	1461180014	40	592	632	551
Wed Apr 20 15:18:34 2016	1461179914	36	596	632	558
Wed Apr 20 15:19:36 2016	1461179976	35	597	632	558
Wed Apr 20 15:23:40 2016	1461180220	35	597	632	558
Wed Apr 20 15:26:53 2016	1461180413	35	597	632	558
Wed Apr 20 15:22:02 2016	1461180122	36	597	632	558
Wed Apr 20 15:26:53 2016	1461180413	36	597	633	558
Wed Apr 20 15:18:34 2016	1461179914	36	597	633	559
Wed Apr 20 15:22:02 2016	1461180122	36	597	633	559
Wed Apr 20 15:20:39 2016	1461180039	36	598	633	559
Wed Apr 20 15:18:34 2016	1461179914	35	598	633	560
Wed Apr 20 15:19:36 2016	1461179976	36	598	633	558
Wed Apr 20 15:25:51 2016	1461180351	35	598	634	560
Wed Apr 20 15:27:22 2016	1461180442	35	598	634	555
Wed Apr 20 15:26:15 2016	1461180375	36	598	634	559
Wed Apr 20 15:18:34 2016	1461179914	35	599	634	560
Wed Apr 20 15:22:17 2016	1461180137	35	599	634	560
Wed Apr 20 15:19:09 2016	1461179949	36	599	634	560
Wed Apr 20 15:12:56 2016	1461179576	36	599	634	560
Wed Apr 20 15:22:02 2016	1461180122	35	599	635	561
Wed Apr 20 15:19:36 2016	1461179976	36	599	635	556
Wed Apr 20 15:18:34 2016	1461179914	36	599	635	561
Wed Apr 20 15:13:52 2016	1461179632	35	600	635	561
Wed Apr 20 15:11:33 2016	1461179493	35	600	635	562
Wed Apr 20 15:18:34 2016	1461179914	35	600	636	562
Wed Apr 20 15:16:17 2016	1461179777	36	600	636	562
Wed Apr 20 15:21:04 2016	1461180064	35	600	636	562
Wed Apr 20 15:21:48 2016	1461180108	35	600	636	562
Wed Apr 20 15:26:03 2016	1461180363	35	600	636	562
Wed Apr 20 15:23:40 2016	1461180220	35	600	636	562
Wed Apr 20 15:17:41 2016	1461179861	36	600	636	561
Wed Apr 20 15:18:33 2016	1461179913	35	601	636	562
Wed Apr 20 15:20:39 2016	1461180039	36	600	636	560
Wed Apr 20 15:13:10 2016	1461179590	35	601	636	562
Wed Apr 20 15:19:49 2016	1461179989	38	598	636	560
Wed Apr 20 15:22:00 2016	1461180120	36	601	636	562
Wed Apr 20 15:26:30 2016	1461180390	36	601	637	562
Wed Apr 20 15:16:30 2016	1461179790	36	601	637	562
Wed Apr 20 15:23:40 2016	1461180220	36	601	637	562
Wed Apr 20 15:22:44 2016	1461180164	35	602	637	564
Wed Apr 20 15:20:26 2016	1461180026	35	602	637	563
Wed Apr 20 15:21:48 2016	1461180108	36	602	637	563
Wed Apr 20 15:17:53 2016	1461179873	36	602	637	563
Wed Apr 20 15:13:51 2016	1461179631	36	602	637	562
Wed Apr 20 15:20:26 2016	1461180026	35	602	638	564
Wed Apr 20 15:18:24 2016	1461179904	40	597	638	559
Wed Apr 20 15:14:18 2016	1461179658	36	602	638	564
Wed Apr 20 15:14:42 2016	1461179682	35	604	639	565
Wed Apr 20 15:16:30 2016	1461179790	36	603	639	565
Wed Apr 20 15:23:40 2016	1461180220	35	604	639	566
Wed Apr 20 15:24:09 2016	1461180249	35	604	639	564
Wed Apr 20 15:25:19 2016	1461180319	35	604	640	566
Wed Apr 20 15:21:48 2016	1461180108	35	604	640	566
Wed Apr 20 15:26:16 2016	1461180376	35	604	640	566
Wed Apr 20 15:20:14 2016	1461180014	35	605	640	566
Wed Apr 20 15:26:15 2016	1461180375	35	605	640	566
Wed Apr 20 15:18:34 2016	1461179914	36	604	640	565
Wed Apr 20 15:21:48 2016	1461180108	35	605	640	567
Wed Apr 20 15:20:14 2016	1461180014	35	605	640	566
Wed Apr 20 15:14:30 2016	1461179670	36	605	640	566
Wed Apr 20 15:17:41 2016	1461179861	36	605	641	561
Wed Apr 20 15:12:56 2016	1461179576	35	605	641	567
Wed Apr 20 15:26:53 2016	1461180413	36	605	641	566
Wed Apr 20 15:11:45 2016	1461179505	35	605	641	567
Wed Apr 20 15:20:14 2016	1461180014	35	606	641	566
Wed Apr 20 15:15:37 2016	1461179737	36	606	642	567
Wed Apr 20 15:19:08 2016	1461179948	35	607	642	563
Wed Apr 20 15:11:45 2016	1461179505	37	605	642	567
Wed Apr 20 15:20:14 2016	1461180014	36	607	642	571
Wed Apr 20 15:14:30 2016	1461179670	36	607	643	569
Wed Apr 20 15:25:19 2016	1461180319	35	608	643	569
Wed Apr 20 15:19:09 2016	1461179949	36	607	643	568
Wed Apr 20 15:13:39 2016	1461179619	35	608	643	569
Wed Apr 20 15:11:33 2016	1461179493	35	608	643	569
Wed Apr 20 15:26:53 2016	1461180413	35	608	643	567
Wed Apr 20 15:26:53 2016	1461180413	35	608	643	569
Wed Apr 20 15:24:49 2016	1461180289	36	608	643	568
Wed Apr 20 15:11:33 2016	1461179493	35	608	644	565
Wed Apr 20 15:13:09 2016	1461179589	36	608	644	569
Wed Apr 20 15:14:42 2016	1461179682	36	608	644	569
Wed Apr 20 15:21:47 2016	1461180107	35	608	644	570
Wed Apr 20 15:18:46 2016	1461179926	35	609	644	570
Wed Apr 20 15:20:02 2016	1461180002	36	607	644	569
Wed Apr 20 15:18:23 2016	1461179903	35	608	644	570
Wed Apr 20 15:22:33 2016	1461180153	36	608	644	570
Wed Apr 20 15:17:40 2016	1461179860	36	608	644	570
Wed Apr 20 15:18:34 2016	1461179914	36	608	644	570
Wed Apr 20 15:11:45 2016	1461179505	35	609	644	569
Wed Apr 20 15:15:37 2016	1461179737	35	609	644	570
Wed Apr 20 15:21:03 2016	1461180063	36	609	645	570
Wed Apr 20 15:26:30 2016	1461180390	35	609	645	571
Wed Apr 20 15:26:30 2016	1461180390	35	609	645	571
Wed Apr 20 15:23:41 2016	1461180221	35	610	645	571
Wed Apr 20 15:22:17 2016	1461180137	36	610	645	571
Wed Apr 20 15:18:24 2016	1461179904	37	609	645	570
Wed Apr 20 15:20:38 2016	1461180038	36	610	645	571
Wed Apr 20 15:21:47 2016	1461180107	36	610	645	571
Wed Apr 20 15:17:40 2016	1461179860	36	610	646	571
Wed Apr 20 15:18:33 2016	1461179913	35	610	646	572
Wed Apr 20 15:26:15 2016	1461180375	35	610	646	572
Wed Apr 20 15:12:56 2016	1461179576	35	610	646	572
Wed Apr 20 15:25:51 2016	1461180351	35	611	646	564
Wed Apr 20 15:21:47 2016	1461180107	36	610	646	572
Wed Apr 20 15:23:41 2016	1461180221	35	611	646	572
Wed Apr 20 15:18:24 2016	1461179904	35	611	646	572
Wed Apr 20 15:20:38 2016	1461180038	36	610	646	571
Wed Apr 20 15:27:08 2016	1461180428	36	611	646	572
Wed Apr 20 15:26:53 2016	1461180413	38	609	647	570
Wed Apr 20 15:17:41 2016	1461179861	35	611	647	573
Wed Apr 20 15:20:14 2016	1461180014	35	611	647	573
Wed Apr 20 15:21:02 2016	1461180062	35	611	647	573
Wed Apr 20 15:19:08 2016	1461179948	36	611	647	573
Wed Apr 20 15:16:30 2016	1461179790	35	612	647	573
Wed Apr 20 15:17:55 2016	1461179875	35	612	647	573
Wed Apr 20 15:13:52 2016	1461179632	35	612	647	573
Wed Apr 20 15:24:08 2016	1461180248	35	612	647	573
Wed Apr 20 15:11:45 2016	1461179505	35	612	647	574
Wed Apr 20 15:26:41 2016	1461180401	35	612	648	574
Wed Apr 20 15:21:02 2016	1461180062	35	612	648	574
Wed Apr 20 15:20:14 2016	1461180014	35	613	648	574
Wed Apr 20 15:20:50 2016	1461180050	35	613	648	574
Wed Apr 20 15:24:23 2016	1461180263	35	613	648	574
Wed Apr 20 15:20:26 2016	1461180026	35	613	648	574
Wed Apr 20 15:21:47 2016	1461180107	35	613	648	574
Wed Apr 20 15:26:30 2016	1461180390	35	613	648	574
Wed Apr 20 15:19:08 2016	1461179948	35	613	648	574
Wed Apr 20 15:20:38 2016	1461180038	35	613	648	574
Wed Apr 20 15:21:02 2016	1461180062	35	613	649	575
Wed Apr 20 15:21:02 2016	1461180062	35	613	649	575
Wed Apr 20 15:24:23 2016	1461180263	36	614	649	575
Wed Apr 20 15:20:39 2016	1461180039	35	614	649	576
Wed Apr 20 15:13:38 2016	1461179618	36	614	649	575
Wed Apr 20 15:21:02 2016	1461180062	35	614	649	575
Wed Apr 20 15:16:18 2016	1461179778	42	608	650	560
Wed Apr 20 15:26:43 2016	1461180403	36	614	650	576
Wed Apr 20 15:14:43 2016	1461179683	35	615	650	576
Wed Apr 20 15:18:57 2016	1461179937	36	614	650	575
Wed Apr 20 15:19:08 2016	1461179948	36	614	650	576
Wed Apr 20 15:17:26 2016	1461179846	35	615	650	574
Wed Apr 20 15:21:03 2016	1461180063	36	614	650	576
Wed Apr 20 15:20:14 2016	1461180014	36	614	650	575
Wed Apr 20 15:21:02 2016	1461180062	35	615	650	576
Wed Apr 20 15:19:20 2016	1461179960	35	615	651	577
Wed Apr 20 15:24:09 2016	1461180249	37	614	651	576
Wed Apr 20 15:18:57 2016	1461179937	36	615	651	577
Wed Apr 20 15:21:02 2016	1461180062	36	615	651	577
Wed Apr 20 15:21:02 2016	1461180062	36	616	651	577
Wed Apr 20 15:27:08 2016	1461180428	36	616	651	577
Wed Apr 20 15:22:02 2016	1461180122	35	616	652	578
Wed Apr 20 15:20:14 2016	1461180014	36	616	652	579
Wed Apr 20 15:22:00 2016	1461180120	36	616	652	577
Wed Apr 20 15:21:04 2016	1461180064	35	616	652	578
Wed Apr 20 15:18:33 2016	1461179913	35	617	652	578
Wed Apr 20 15:22:00 2016	1461180120	36	616	652	578
Wed Apr 20 15:19:08 2016	1461179948	35	617	652	578
Wed Apr 20 15:20:39 2016	1461180039	36	616	652	578
Wed Apr 20 15:21:03 2016	1461180063	35	617	652	578
Wed Apr 20 15:11:33 2016	1461179493	36	616	652	575
Wed Apr 20 15:18:46 2016	1461179926	36	617	652	578
Wed Apr 20 15:14:42 2016	1461179682	35	617	652	579
Wed Apr 20 15:26:30 2016	1461180390	35	617	652	579
Wed Apr 20 15:20:50 2016	1461180050	35	617	652	579
Wed Apr 20 15:18:33 2016	1461179913	36	617	653	578
Wed Apr 20 15:19:09 2016	1461179949	35	618	653	578
Wed Apr 20 15:11:58 2016	1461179518	35	618	653	580
Wed Apr 20 15:26:41 2016	1461180401	35	618	653	579
Wed Apr 20 15:22:00 2016	1461180120	35	618	653	579
Wed Apr 20 15:14:42 2016	1461179682	36	618	653	579
Wed Apr 20 15:18:24 2016	1461179904	36	618	653	579
Wed Apr 20 15:18:57 2016	1461179937	35	618	654	580
Wed Apr 20 15:15:52 2016	1461179752	35	618	654	580
Wed Apr 20 15:19:09 2016	1461179949	36	618	654	579
Wed Apr 20 15:16:31 2016	1461179791	35	619	654	580
Wed Apr 20 15:21:02 2016	1461180062	36	619	654	580
Wed Apr 20 15:20:15 2016	1461180015	35	619	654	581
Wed Apr 20 15:26:30 2016	1461180390	36	619	654	580
Wed Apr 20 15:24:08 2016	1461180248	36	619	655	581
Wed Apr 20 15:20:51 2016	1461180051	35	619	655	581
Wed Apr 20 15:22:55 2016	1461180175	35	619	655	581
Wed Apr 20 15:20:39 2016	1461180039	37	618	655	579
Wed Apr 20 15:18:23 2016	1461179903	35	620	655	581
Wed Apr 20 15:18:45 2016	1461179925	36	620	655	581
Wed Apr 20 15:20:38 2016	1461180038	36	620	655	581
Wed Apr 20 15:21:02 2016	1461180062	35	620	655	582
Wed Apr 20 15:27:22 2016	1461180442	36	619	655	581
Wed Apr 20 15:24:23 2016	1461180263	36	620	655	581
Wed Apr 20 15:18:57 2016	1461179937	36	619	655	580
Wed Apr 20 15:24:49 2016	1461180289	35	620	656	582
Wed Apr 20 15:20:50 2016	1461180050	36	620	656	582
Wed Apr 20 15:15:52 2016	1461179752	35	621	656	582
Wed Apr 20 15:20:38 2016	1461180038	35	621	656	582
Wed Apr 20 15:17:53 2016	1461179873	36	620	656	581
Wed Apr 20 15:20:15 2016	1461180015	36	620	656	582
Wed Apr 20 15:18:45 2016	1461179925	35	621	656	582
Wed Apr 20 15:19:49 2016	1461179989	35	621	656	582
Wed Apr 20 15:22:01 2016	1461180121	35	621	656	583
Wed Apr 20 15:18:34 2016	1461179914	35	621	656	582
Wed Apr 20 15:22:32 2016	1461180152	35	621	656	583
Wed Apr 20 15:20:38 2016	1461180038	36	620	656	578
Wed Apr 20 15:18:45 2016	1461179925	35	621	656	583
Wed Apr 20 15:21:02 2016	1461180062	35	621	657	582
Wed Apr 20 15:21:02 2016	1461180062	36	621	657	582
Wed Apr 20 15:24:24 2016	1461180264	35	621	657	583
Wed Apr 20 15:19:35 2016	1461179975	35	621	657	583
Wed Apr 20 15:18:45 2016	1461179925	36	621	657	582
Wed Apr 20 15:15:51 2016	1461179751	36	621	657	582
Wed Apr 20 15:20:51 2016	1461180051	36	621	657	583
Wed Apr 20 15:19:09 2016	1461179949	35	622	657	583
Wed Apr 20 15:26:28 2016	1461180388	36	622	657	582
Wed Apr 20 15:21:47 2016	1461180107	35	622	657	583
Wed Apr 20 15:20:14 2016	1461180014	36	622	657	587
Wed Apr 20 15:20:51 2016	1461180051	36	622	657	583
Wed Apr 20 15:20:41 2016	1461180041	35	622	657	583
Wed Apr 20 15:20:50 2016	1461180050	36	622	658	583
Wed Apr 20 15:22:55 2016	1461180175	36	622	658	583
Wed Apr 20 15:19:36 2016	1461179976	35	623	658	584
Wed Apr 20 15:18:57 2016	1461179937	35	623	658	584
Wed Apr 20 15:20:38 2016	1461180038	37	621	658	582
Wed Apr 20 15:22:01 2016	1461180121	35	623	658	585
Wed Apr 20 15:20:51 2016	1461180051	35	623	658	584
Wed Apr 20 15:22:54 2016	1461180174	35	623	659	585
Wed Apr 20 15:20:51 2016	1461180051	36	623	659	584
Wed Apr 20 15:19:09 2016	1461179949	36	623	659	584
Wed Apr 20 15:11:20 2016	1461179480	35	623	659	585
Wed Apr 20 15:26:41 2016	1461180401	36	623	659	585
Wed Apr 20 15:20:38 2016	1461180038	36	624	659	585
Wed Apr 20 15:19:09 2016	1461179949	35	624	659	584
Wed Apr 20 15:20:39 2016	1461180039	35	624	659	586
Wed Apr 20 15:21:02 2016	1461180062	35	624	660	586
Wed Apr 20 15:26:28 2016	1461180388	35	624	660	586
Wed Apr 20 15:23:25 2016	1461180205	35	624	660	586
Wed Apr 20 15:17:41 2016	1461179861	35	625	660	586
Wed Apr 20 15:13:51 2016	1461179631	36	624	660	583
Wed Apr 20 15:25:04 2016	1461180304	36	624	660	585
Wed Apr 20 15:21:18 2016	1461180078	36	624	660	585
Wed Apr 20 15:18:34 2016	1461179914	35	625	660	586
Wed Apr 20 15:21:02 2016	1461180062	36	624	660	586
Wed Apr 20 15:15:51 2016	1461179751	36	624	660	581
Wed Apr 20 15:17:41 2016	1461179861	35	625	660	586
Wed Apr 20 15:20:03 2016	1461180003	35	625	660	585
Wed Apr 20 15:27:08 2016	1461180428	35	625	660	586
Wed Apr 20 15:22:54 2016	1461180174	36	624	660	585
Wed Apr 20 15:23:40 2016	1461180220	36	625	660	586
Wed Apr 20 15:14:05 2016	1461179645	37	623	660	585
Wed Apr 20 15:20:39 2016	1461180039	38	623	660	584
Wed Apr 20 15:22:44 2016	1461180164	36	625	660	586
Wed Apr 20 15:14:30 2016	1461179670	36	625	661	586
Wed Apr 20 15:26:41 2016	1461180401	35	625	661	587
Wed Apr 20 15:19:09 2016	1461179949	36	625	661	587
Wed Apr 20 15:17:40 2016	1461179860	35	626	661	587
Wed Apr 20 15:19:09 2016	1461179949	35	625	661	587
Wed Apr 20 15:19:08 2016	1461179948	36	625	661	586
Wed Apr 20 15:12:55 2016	1461179575	35	625	661	590
Wed Apr 20 15:23:25 2016	1461180205	35	626	661	587
Wed Apr 20 15:13:39 2016	1461179619	35	625	661	587
Wed Apr 20 15:18:57 2016	1461179937	35	626	661	588
Wed Apr 20 15:11:20 2016	1461179480	35	626	661	587
Wed Apr 20 15:26:30 2016	1461180390	36	625	661	587
Wed Apr 20 15:18:56 2016	1461179936	36	626	662	587
Wed Apr 20 15:20:26 2016	1461180026	35	626	662	587
Wed Apr 20 15:12:55 2016	1461179575	35	626	662	591
Wed Apr 20 15:22:55 2016	1461180175	36	626	662	587
Wed Apr 20 15:19:20 2016	1461179960	35	627	662	588
Wed Apr 20 15:15:37 2016	1461179737	35	627	662	588
Wed Apr 20 15:26:41 2016	1461180401	35	627	662	589
Wed Apr 20 15:20:39 2016	1461180039	36	626	662	587
Wed Apr 20 15:19:09 2016	1461179949	36	627	663	588
Wed Apr 20 15:18:57 2016	1461179937	36	627	663	588
Wed Apr 20 15:27:22 2016	1461180442	36	627	663	588
Wed Apr 20 15:18:45 2016	1461179925	36	627	663	589
Wed Apr 20 15:27:22 2016	1461180442	36	627	663	588
Wed Apr 20 15:16:30 2016	1461179790	35	628	663	589
Wed Apr 20 15:14:06 2016	1461179646	35	628	663	589
Wed Apr 20 15:18:45 2016	1461179925	36	627	663	588
Wed Apr 20 15:18:34 2016	1461179914	36	627	663	589
Wed Apr 20 15:26:15 2016	1461180375	35	628	663	590
Wed Apr 20 15:22:55 2016	1461180175	36	627	663	589
Wed Apr 20 15:23:25 2016	1461180205	36	628	664	589
Wed Apr 20 15:21:17 2016	1461180077	36	628	664	589
Wed Apr 20 15:22:54 2016	1461180174	35	628	664	590
Wed Apr 20 15:15:52 2016	1461179752	35	628	664	590
Wed Apr 20 15:26:41 2016	1461180401	36	628	664	589
Wed Apr 20 15:22:54 2016	1461180174	35	628	664	590
Wed Apr 20 15:22:54 2016	1461180174	35	628	664	590
Wed Apr 20 15:19:48 2016	1461179988	35	629	664	591
Wed Apr 20 15:16:43 2016	1461179803	35	629	664	591
Wed Apr 20 15:20:15 2016	1461180015	35	629	664	591
Wed Apr 20 15:14:06 2016	1461179646	35	629	665	590
Wed Apr 20 15:24:24 2016	1461180264	35	629	665	591
Wed Apr 20 15:12:55 2016	1461179575	35	630	665	594
Wed Apr 20 15:25:04 2016	1461180304	36	629	665	591
Wed Apr 20 15:17:40 2016	1461179860	36	630	665	591
Wed Apr 20 15:14:42 2016	1461179682	36	630	665	591
Wed Apr 20 15:26:42 2016	1461180402	35	630	665	592
Wed Apr 20 15:19:08 2016	1461179948	35	630	665	592
Wed Apr 20 15:14:05 2016	1461179645	36	630	666	591
Wed Apr 20 15:23:25 2016	1461180205	35	630	666	592
Wed Apr 20 15:22:02 2016	1461180122	35	631	666	592
Wed Apr 20 15:18:56 2016	1461179936	36	631	666	592
Wed Apr 20 15:17:26 2016	1461179846	35	631	666	591
Wed Apr 20 15:19:35 2016	1461179975	36	631	666	586
Wed Apr 20 15:18:45 2016	1461179925	35	631	666	593
Wed Apr 20 15:26:41 2016	1461180401	35	631	666	592
Wed Apr 20 15:14:05 2016	1461179645	35	631	666	593
Wed Apr 20 15:18:45 2016	1461179925	35	631	667	593
Wed Apr 20 15:18:45 2016	1461179925	35	631	667	593
Wed Apr 20 15:24:23 2016	1461180263	36	631	667	593
Wed Apr 20 15:26:42 2016	1461180402	35	631	667	593
Wed Apr 20 15:23:26 2016	1461180206	36	631	667	593
Wed Apr 20 15:19:08 2016	1461179948	35	632	667	593
Wed Apr 20 15:24:08 2016	1461180248	36	632	667	592
Wed Apr 20 15:19:48 2016	1461179988	35	632	667	594
Wed Apr 20 15:20:50 2016	1461180050	35	632	668	594
Wed Apr 20 15:20:01 2016	1461180001	36	633	668	594
Wed Apr 20 15:16:17 2016	1461179777	36	632	668	594
Wed Apr 20 15:26:41 2016	1461180401	36	632	668	593
Wed Apr 20 15:22:54 2016	1461180174	35	633	669	595
Wed Apr 20 15:23:25 2016	1461180205	36	633	669	594
Wed Apr 20 15:27:08 2016	1461180428	36	633	669	594
Wed Apr 20 15:25:51 2016	1461180351	35	634	669	595
Wed Apr 20 15:22:01 2016	1461180121	36	633	669	594
Wed Apr 20 15:17:53 2016	1461179873	36	633	669	595
Wed Apr 20 15:25:51 2016	1461180351	35	634	669	595
Wed Apr 20 15:25:04 2016	1461180304	35	634	669	595
Wed Apr 20 15:26:28 2016	1461180388	36	634	669	595
Wed Apr 20 15:18:56 2016	1461179936	35	634	669	596
Wed Apr 20 15:26:42 2016	1461180402	36	634	670	595
Wed Apr 20 15:18:23 2016	1461179903	35	634	670	596
Wed Apr 20 15:16:43 2016	1461179803	36	634	670	595
Wed Apr 20 15:12:55 2016	1461179575	36	634	670	599
Wed Apr 20 15:23:27 2016	1461180207	36	634	670	596
Wed Apr 20 15:20:38 2016	1461180038	36	635	670	596
Wed Apr 20 15:21:03 2016	1461180063	35	635	671	597
Wed Apr 20 15:26:02 2016	1461180362	35	635	671	597
Wed Apr 20 15:22:01 2016	1461180121	35	636	671	597
Wed Apr 20 15:20:01 2016	1461180001	35	636	671	597
Wed Apr 20 15:20:01 2016	1461180001	36	635	671	597
Wed Apr 20 15:26:41 2016	1461180401	35	636	671	597
Wed Apr 20 15:18:56 2016	1461179936	41	631	671	592
Wed Apr 20 15:26:44 2016	1461180404	36	635	671	596
Wed Apr 20 15:11:21 2016	1461179481	36	635	671	596
Wed Apr 20 15:19:08 2016	1461179948	36	636	671	594
Wed Apr 20 15:22:00 2016	1461180120	35	636	671	597
Wed Apr 20 15:19:20 2016	1461179960	35	636	671	598
Wed Apr 20 15:20:25 2016	1461180025	35	636	672	598
Wed Apr 20 15:18:57 2016	1461179937	36	637	672	598
Wed Apr 20 15:21:03 2016	1461180063	35	637	672	599
Wed Apr 20 15:14:54 2016	1461179694	35	637	672	599
Wed Apr 20 15:23:25 2016	1461180205	35	637	672	599
Wed Apr 20 15:20:01 2016	1461180001	35	637	672	599
Wed Apr 20 15:16:42 2016	1461179802	35	637	672	599
Wed Apr 20 15:14:18 2016	1461179658	36	637	672	597
Wed Apr 20 15:20:14 2016	1461180014	36	637	673	601
Wed Apr 20 15:20:38 2016	1461180038	36	637	673	598
Wed Apr 20 15:20:38 2016	1461180038	35	637	673	599
Wed Apr 20 15:11:33 2016	1461179493	36	637	673	593
Wed Apr 20 15:18:45 2016	1461179925	35	637	673	599
Wed Apr 20 15:11:20 2016	1461179480	35	638	673	600
Wed Apr 20 15:17:40 2016	1461179860	35	638	673	600
Wed Apr 20 15:13:52 2016	1461179632	35	639	674	601
Wed Apr 20 15:19:48 2016	1461179988	36	639	674	600
Wed Apr 20 15:11:20 2016	1461179480	35	639	674	601
Wed Apr 20 15:20:39 2016	1461180039	36	639	675	600
Wed Apr 20 15:13:52 2016	1461179632	36	639	675	595
Wed Apr 20 15:25:03 2016	1461180303	36	639	675	600
Wed Apr 20 15:14:05 2016	1461179645	35	639	675	601
Wed Apr 20 15:22:55 2016	1461180175	35	639	675	601
Wed Apr 20 15:20:38 2016	1461180038	36	639	675	601
Wed Apr 20 15:20:15 2016	1461180015	35	639	675	601
Wed Apr 20 15:22:54 2016	1461180174	35	640	675	601
Wed Apr 20 15:19:37 2016	1461179977	36	640	675	600
Wed Apr 20 15:26:29 2016	1461180389	35	640	676	602
Wed Apr 20 15:18:44 2016	1461179924	37	639	676	600
Wed Apr 20 15:22:54 2016	1461180174	35	640	676	602
Wed Apr 20 15:14:42 2016	1461179682	35	640	676	601
Wed Apr 20 15:11:45 2016	1461179505	36	640	676	600
Wed Apr 20 15:17:55 2016	1461179875	36	640	676	601
Wed Apr 20 15:15:52 2016	1461179752	36	640	676	601
Wed Apr 20 15:17:40 2016	1461179860	36	640	676	601
Wed Apr 20 15:18:46 2016	1461179926	36	640	676	602
Wed Apr 20 15:20:50 2016	1461180050	35	641	676	602
Wed Apr 20 15:22:00 2016	1461180120	36	640	676	602
Wed Apr 20 15:20:50 2016	1461180050	36	641	676	602
Wed Apr 20 15:17:40 2016	1461179860	35	641	676	602
Wed Apr 20 15:20:51 2016	1461180051	35	641	676	602
Wed Apr 20 15:20:38 2016	1461180038	35	641	677	603
Wed Apr 20 15:15:37 2016	1461179737	35	641	677	603
Wed Apr 20 15:12:11 2016	1461179531	35	641	677	603
Wed Apr 20 15:20:26 2016	1461180026	36	642	677	603
Wed Apr 20 15:22:00 2016	1461180120	36	642	678	604
Wed Apr 20 15:19:20 2016	1461179960	35	642	678	604
Wed Apr 20 15:19:35 2016	1461179975	36	642	678	604
Wed Apr 20 15:25:01 2016	1461180301	35	643	678	605
Wed Apr 20 15:20:50 2016	1461180050	36	643	678	604
Wed Apr 20 15:26:03 2016	1461180363	35	643	678	604
Wed Apr 20 15:20:03 2016	1461180003	35	643	678	605
Wed Apr 20 15:22:55 2016	1461180175	35	644	679	605
Wed Apr 20 15:23:26 2016	1461180206	35	644	679	605
Wed Apr 20 15:20:26 2016	1461180026	35	644	679	605
Wed Apr 20 15:22:54 2016	1461180174	36	643	679	605
Wed Apr 20 15:12:11 2016	1461179531	36	643	679	605
Wed Apr 20 15:20:15 2016	1461180015	39	641	680	602
Wed Apr 20 15:12:55 2016	1461179575	36	644	680	609
Wed Apr 20 15:22:42 2016	1461180162	36	644	680	605
Wed Apr 20 15:20:03 2016	1461180003	36	644	680	606
Wed Apr 20 15:18:45 2016	1461179925	35	645	680	606
Wed Apr 20 15:22:55 2016	1461180175	35	645	680	606
Wed Apr 20 15:22:43 2016	1461180163	36	645	680	606
Wed Apr 20 15:20:51 2016	1461180051	36	644	680	606
Wed Apr 20 15:20:25 2016	1461180025	35	645	680	606
Wed Apr 20 15:20:16 2016	1461180016	35	645	681	607
Wed Apr 20 15:23:28 2016	1461180208	36	645	681	607
Wed Apr 20 15:17:53 2016	1461179873	35	646	681	607
Wed Apr 20 15:18:45 2016	1461179925	35	646	681	606
Wed Apr 20 15:21:31 2016	1461180091	36	646	681	607
Wed Apr 20 15:18:45 2016	1461179925	35	646	681	608
Wed Apr 20 15:19:23 2016	1461179963	36	646	681	608
Wed Apr 20 15:25:19 2016	1461180319	36	646	682	608
Wed Apr 20 15:17:40 2016	1461179860	36	646	682	608
Wed Apr 20 15:18:56 2016	1461179936	35	647	682	608
Wed Apr 20 15:17:39 2016	1461179859	35	647	682	608
Wed Apr 20 15:19:48 2016	1461179988	37	646	683	607
Wed Apr 20 15:20:51 2016	1461180051	35	647	683	609
Wed Apr 20 15:21:33 2016	1461180093	35	648	683	609
Wed Apr 20 15:12:56 2016	1461179576	35	648	683	610
Wed Apr 20 15:22:01 2016	1461180121	36	647	684	609
Wed Apr 20 15:18:46 2016	1461179926	35	649	684	610
Wed Apr 20 15:14:54 2016	1461179694	37	647	684	609
Wed Apr 20 15:21:47 2016	1461180107	35	649	684	610
Wed Apr 20 15:23:26 2016	1461180206	35	649	684	610
Wed Apr 20 15:19:23 2016	1461179963	36	649	685	610
Wed Apr 20 15:24:09 2016	1461180249	37	648	685	610
Wed Apr 20 15:13:39 2016	1461179619	35	650	685	610
Wed Apr 20 15:23:26 2016	1461180206	35	650	685	612
Wed Apr 20 15:15:51 2016	1461179751	35	650	686	612
Wed Apr 20 15:17:39 2016	1461179859	36	650	686	612
Wed Apr 20 15:20:50 2016	1461180050	36	650	686	612
Wed Apr 20 15:20:41 2016	1461180041	35	651	686	613
Wed Apr 20 15:13:10 2016	1461179590	35	651	686	613
Wed Apr 20 15:12:11 2016	1461179531	35	651	686	613
Wed Apr 20 15:17:39 2016	1461179859	38	649	687	611
Wed Apr 20 15:13:52 2016	1461179632	35	652	687	613
Wed Apr 20 15:22:45 2016	1461180165	36	652	687	613
Wed Apr 20 15:11:20 2016	1461179480	36	651	687	612
Wed Apr 20 15:22:54 2016	1461180174	36	652	688	613
Wed Apr 20 15:19:48 2016	1461179988	35	652	688	614
Wed Apr 20 15:15:36 2016	1461179736	36	652	688	613
Wed Apr 20 15:16:04 2016	1461179764	43	645	688	606
Wed Apr 20 15:25:01 2016	1461180301	36	652	688	613
Wed Apr 20 15:13:52 2016	1461179632	35	653	688	614
Wed Apr 20 15:22:55 2016	1461180175	35	653	688	615
Wed Apr 20 15:23:26 2016	1461180206	36	653	688	614
Wed Apr 20 15:22:42 2016	1461180162	36	653	688	614
Wed Apr 20 15:18:33 2016	1461179913	36	653	688	614
Wed Apr 20 15:24:36 2016	1461180276	35	653	689	615
Wed Apr 20 15:26:31 2016	1461180391	35	653	689	615
Wed Apr 20 15:18:57 2016	1461179937	35	653	689	615
Wed Apr 20 15:25:03 2016	1461180303	36	653	689	614
Wed Apr 20 15:26:17 2016	1461180377	35	654	689	615
Wed Apr 20 15:22:32 2016	1461180152	36	653	689	615
Wed Apr 20 15:23:40 2016	1461180220	36	653	689	615
Wed Apr 20 15:18:56 2016	1461179936	36	654	689	610
Wed Apr 20 15:27:08 2016	1461180428	36	654	689	615
Wed Apr 20 15:22:42 2016	1461180162	35	654	689	616
Wed Apr 20 15:11:20 2016	1461179480	35	654	689	616
Wed Apr 20 15:16:04 2016	1461179764	36	653	689	613
Wed Apr 20 15:19:20 2016	1461179960	35	654	689	616
Wed Apr 20 15:16:56 2016	1461179816	36	654	689	615
Wed Apr 20 15:23:26 2016	1461180206	35	655	690	616
Wed Apr 20 15:26:29 2016	1461180389	36	654	690	616
Wed Apr 20 15:23:25 2016	1461180205	36	654	690	616
Wed Apr 20 15:18:24 2016	1461179904	36	654	690	615
Wed Apr 20 15:26:17 2016	1461180377	35	655	690	617
Wed Apr 20 15:22:43 2016	1461180163	36	654	690	616
Wed Apr 20 15:20:50 2016	1461180050	36	655	690	616
Wed Apr 20 15:11:20 2016	1461179480	36	654	691	616
Wed Apr 20 15:20:15 2016	1461180015	35	655	691	617
Wed Apr 20 15:17:55 2016	1461179875	36	655	691	616
Wed Apr 20 15:20:01 2016	1461180001	37	654	691	615
Wed Apr 20 15:23:25 2016	1461180205	36	655	691	617
Wed Apr 20 15:18:45 2016	1461179925	35	656	691	607
Wed Apr 20 15:24:36 2016	1461180276	36	656	691	617
Wed Apr 20 15:23:25 2016	1461180205	36	656	691	617
Wed Apr 20 15:19:35 2016	1461179975	37	655	692	617
Wed Apr 20 15:25:50 2016	1461180350	36	655	692	616
Wed Apr 20 15:21:01 2016	1461180061	35	656	692	618
Wed Apr 20 15:23:25 2016	1461180205	35	656	692	618
Wed Apr 20 15:19:20 2016	1461179960	35	656	692	618
Wed Apr 20 15:25:17 2016	1461180317	36	656	692	617
Wed Apr 20 15:14:42 2016	1461179682	36	656	692	617
Wed Apr 20 15:17:53 2016	1461179873	35	657	693	619
Wed Apr 20 15:19:48 2016	1461179988	36	657	693	618
Wed Apr 20 15:25:01 2016	1461180301	36	657	693	618
Wed Apr 20 15:25:01 2016	1461180301	35	657	693	619
Wed Apr 20 15:22:43 2016	1461180163	36	657	693	619
Wed Apr 20 15:27:08 2016	1461180428	35	658	693	619
Wed Apr 20 15:26:16 2016	1461180376	35	658	693	620
Wed Apr 20 15:25:04 2016	1461180304	35	658	693	620
Wed Apr 20 15:11:20 2016	1461179480	35	658	693	613
Wed Apr 20 15:24:22 2016	1461180262	36	658	694	619
Wed Apr 20 15:24:23 2016	1461180263	37	657	694	618
Wed Apr 20 15:23:27 2016	1461180207	40	654	694	616
Wed Apr 20 15:24:23 2016	1461180263	35	659	694	620
Wed Apr 20 15:23:26 2016	1461180206	35	659	694	620
Wed Apr 20 15:22:43 2016	1461180163	35	659	694	621
Wed Apr 20 15:16:18 2016	1461179778	40	654	694	606
Wed Apr 20 15:12:55 2016	1461179575	36	658	694	623
Wed Apr 20 15:17:39 2016	1461179859	35	659	694	621
Wed Apr 20 15:12:12 2016	1461179532	36	659	695	621
Wed Apr 20 15:26:42 2016	1461180402	35	659	695	621
Wed Apr 20 15:26:29 2016	1461180389	35	660	695	622
Wed Apr 20 15:24:08 2016	1461180248	35	660	695	621
Wed Apr 20 15:22:02 2016	1461180122	36	659	695	621
Wed Apr 20 15:17:39 2016	1461179859	36	660	695	621
Wed Apr 20 15:23:27 2016	1461180207	36	660	696	621
Wed Apr 20 15:17:39 2016	1461179859	36	660	696	621
Wed Apr 20 15:14:30 2016	1461179670	35	660	696	617
Wed Apr 20 15:26:42 2016	1461180402	35	660	696	622
Wed Apr 20 15:12:11 2016	1461179531	36	660	696	621
Wed Apr 20 15:20:50 2016	1461180050	36	660	696	622
Wed Apr 20 15:13:51 2016	1461179631	42	654	696	615
Wed Apr 20 15:25:03 2016	1461180303	36	661	696	622
Wed Apr 20 15:26:52 2016	1461180412	35	661	696	622
Wed Apr 20 15:22:43 2016	1461180163	35	661	696	623
Wed Apr 20 15:19:23 2016	1461179963	36	661	697	623
Wed Apr 20 15:20:27 2016	1461180027	36	661	697	622
Wed Apr 20 15:20:16 2016	1461180016	36	661	697	622
Wed Apr 20 15:14:05 2016	1461179645	36	661	697	623
Wed Apr 20 15:24:24 2016	1461180264	36	661	697	622
Wed Apr 20 15:11:20 2016	1461179480	36	662	697	623
Wed Apr 20 15:17:24 2016	1461179844	36	662	698	623
Wed Apr 20 15:15:10 2016	1461179710	35	662	698	624
Wed Apr 20 15:22:17 2016	1461180137	36	662	698	624
Wed Apr 20 15:26:16 2016	1461180376	35	663	698	624
Wed Apr 20 15:26:17 2016	1461180377	35	663	699	625
Wed Apr 20 15:16:17 2016	1461179777	35	663	699	625
Wed Apr 20 15:12:11 2016	1461179531	35	663	699	625
Wed Apr 20 15:26:29 2016	1461180389	36	663	699	625
Wed Apr 20 15:23:25 2016	1461180205	35	664	699	625
Wed Apr 20 15:19:23 2016	1461179963	35	664	699	626
Wed Apr 20 15:22:43 2016	1461180163	35	664	700	626
Wed Apr 20 15:24:34 2016	1461180274	36	664	700	626
Wed Apr 20 15:26:02 2016	1461180362	35	665	700	627
Wed Apr 20 15:14:06 2016	1461179646	35	665	700	627
Wed Apr 20 15:24:49 2016	1461180289	36	665	701	627
Wed Apr 20 15:12:11 2016	1461179531	36	665	701	627
Wed Apr 20 15:19:37 2016	1461179977	35	667	702	628
Wed Apr 20 15:13:38 2016	1461179618	35	667	702	628
Wed Apr 20 15:25:50 2016	1461180350	36	667	702	628
Wed Apr 20 15:25:50 2016	1461180350	36	666	702	628
Wed Apr 20 15:19:23 2016	1461179963	36	667	703	629
Wed Apr 20 15:22:43 2016	1461180163	35	667	703	629
Wed Apr 20 15:22:42 2016	1461180162	36	667	703	629
Wed Apr 20 15:25:01 2016	1461180301	35	668	703	629
Wed Apr 20 15:19:35 2016	1461179975	35	668	703	629
Wed Apr 20 15:16:05 2016	1461179765	37	666	703	628
Wed Apr 20 15:25:16 2016	1461180316	36	668	703	629
Wed Apr 20 15:11:33 2016	1461179493	37	667	704	628
Wed Apr 20 15:20:38 2016	1461180038	36	668	704	630
Wed Apr 20 15:22:43 2016	1461180163	35	669	704	630
Wed Apr 20 15:20:26 2016	1461180026	36	668	704	630
Wed Apr 20 15:16:56 2016	1461179816	35	668	704	630
Wed Apr 20 15:17:52 2016	1461179872	35	669	704	630
Wed Apr 20 15:19:23 2016	1461179963	36	669	704	630
Wed Apr 20 15:26:03 2016	1461180363	35	669	705	631
Wed Apr 20 15:15:51 2016	1461179751	36	669	705	630
Wed Apr 20 15:11:19 2016	1461179479	36	668	705	629
Wed Apr 20 15:25:17 2016	1461180317	35	669	705	630
Wed Apr 20 15:23:54 2016	1461180234	36	669	705	631
Wed Apr 20 15:19:35 2016	1461179975	35	670	705	631
Wed Apr 20 15:19:35 2016	1461179975	35	670	705	631
Wed Apr 20 15:18:46 2016	1461179926	35	670	705	631
Wed Apr 20 15:25:19 2016	1461180319	35	670	706	632
Wed Apr 20 15:16:17 2016	1461179777	36	670	706	631
Wed Apr 20 15:22:43 2016	1461180163	35	670	706	632
Wed Apr 20 15:14:18 2016	1461179658	35	670	706	631
Wed Apr 20 15:14:31 2016	1461179671	35	671	706	632
Wed Apr 20 15:19:20 2016	1461179960	35	670	706	632
Wed Apr 20 15:20:50 2016	1461180050	36	670	706	632
Wed Apr 20 15:22:43 2016	1461180163	35	670	706	632
Wed Apr 20 15:22:43 2016	1461180163	35	670	706	632
Wed Apr 20 15:20:25 2016	1461180025	35	670	706	632
Wed Apr 20 15:19:35 2016	1461179975	36	671	706	632
Wed Apr 20 15:17:39 2016	1461179859	36	671	706	632
Wed Apr 20 15:23:28 2016	1461180208	35	671	706	633
Wed Apr 20 15:11:46 2016	1461179506	35	671	707	632
Wed Apr 20 15:14:06 2016	1461179646	36	671	707	633
Wed Apr 20 15:19:23 2016	1461179963	36	672	707	633
Wed Apr 20 15:19:35 2016	1461179975	36	672	707	633
Wed Apr 20 15:24:08 2016	1461180248	35	672	707	634
Wed Apr 20 15:22:43 2016	1461180163	35	673	708	634
Wed Apr 20 15:22:43 2016	1461180163	35	673	708	635
Wed Apr 20 15:24:34 2016	1461180274	36	672	708	632
Wed Apr 20 15:24:34 2016	1461180274	35	673	708	634
Wed Apr 20 15:24:08 2016	1461180248	35	673	708	635
Wed Apr 20 15:12:55 2016	1461179575	36	673	709	637
Wed Apr 20 15:26:42 2016	1461180402	35	674	709	635
Wed Apr 20 15:19:35 2016	1461179975	36	673	709	633
Wed Apr 20 15:15:23 2016	1461179723	36	673	709	634
Wed Apr 20 15:26:29 2016	1461180389	36	674	709	635
Wed Apr 20 15:24:34 2016	1461180274	35	674	709	635
Wed Apr 20 15:25:35 2016	1461180335	36	673	710	635
Wed Apr 20 15:25:16 2016	1461180316	36	674	710	635
Wed Apr 20 15:25:35 2016	1461180335	36	674	710	635
Wed Apr 20 15:25:35 2016	1461180335	36	674	710	636
Wed Apr 20 15:19:48 2016	1461179988	36	674	710	635
Wed Apr 20 15:26:15 2016	1461180375	35	675	710	636
Wed Apr 20 15:24:09 2016	1461180249	36	675	711	637
Wed Apr 20 15:16:31 2016	1461179791	37	674	711	636
Wed Apr 20 15:24:49 2016	1461180289	35	675	711	637
Wed Apr 20 15:16:30 2016	1461179790	35	676	711	637
Wed Apr 20 15:25:35 2016	1461180335	35	676	711	637
Wed Apr 20 15:22:43 2016	1461180163	36	676	711	637
Wed Apr 20 15:26:31 2016	1461180391	35	676	711	632
Wed Apr 20 15:21:19 2016	1461180079	36	675	711	637
Wed Apr 20 15:12:55 2016	1461179575	35	676	711	640
Wed Apr 20 15:25:35 2016	1461180335	35	676	711	637
Wed Apr 20 15:18:24 2016	1461179904	35	676	711	638
Wed Apr 20 15:18:56 2016	1461179936	35	676	712	638
Wed Apr 20 15:13:52 2016	1461179632	35	676	712	638
Wed Apr 20 15:15:10 2016	1461179710	36	676	712	637
Wed Apr 20 15:17:53 2016	1461179873	36	677	712	638
Wed Apr 20 15:22:43 2016	1461180163	36	677	712	638
Wed Apr 20 15:23:26 2016	1461180206	36	676	712	637
Wed Apr 20 15:25:36 2016	1461180336	36	677	712	638
Wed Apr 20 15:22:45 2016	1461180165	36	677	712	638
Wed Apr 20 15:26:03 2016	1461180363	36	677	712	638
Wed Apr 20 15:19:23 2016	1461179963	36	677	713	638
Wed Apr 20 15:20:26 2016	1461180026	36	677	713	638
Wed Apr 20 15:22:54 2016	1461180174	36	678	713	639
Wed Apr 20 15:20:26 2016	1461180026	36	677	713	639
Wed Apr 20 15:13:38 2016	1461179618	36	678	713	639
Wed Apr 20 15:26:29 2016	1461180389	35	678	714	640
Wed Apr 20 15:18:56 2016	1461179936	35	678	714	640
Wed Apr 20 15:26:53 2016	1461180413	35	679	714	640
Wed Apr 20 15:22:42 2016	1461180162	36	679	714	640
Wed Apr 20 15:15:36 2016	1461179736	35	679	714	641
Wed Apr 20 15:20:01 2016	1461180001	36	679	714	640
Wed Apr 20 15:15:52 2016	1461179752	35	680	715	641
Wed Apr 20 15:16:43 2016	1461179803	36	679	715	641
Wed Apr 20 15:21:17 2016	1461180077	35	680	715	641
Wed Apr 20 15:20:03 2016	1461180003	35	680	715	642
Wed Apr 20 15:15:23 2016	1461179723	36	680	716	641
Wed Apr 20 15:14:54 2016	1461179694	36	680	716	641
Wed Apr 20 15:12:11 2016	1461179531	35	681	716	642
Wed Apr 20 15:22:42 2016	1461180162	35	680	716	641
Wed Apr 20 15:14:06 2016	1461179646	35	681	716	642
Wed Apr 20 15:25:16 2016	1461180316	36	681	716	642
Wed Apr 20 15:26:17 2016	1461180377	36	681	716	642
Wed Apr 20 15:25:17 2016	1461180317	36	681	717	643
Wed Apr 20 15:19:35 2016	1461179975	36	681	717	642
Wed Apr 20 15:18:23 2016	1461179903	35	682	718	644
Wed Apr 20 15:15:37 2016	1461179737	35	682	718	643
Wed Apr 20 15:26:53 2016	1461180413	36	683	718	644
Wed Apr 20 15:12:11 2016	1461179531	35	683	719	645
Wed Apr 20 15:22:17 2016	1461180137	35	683	719	645
Wed Apr 20 15:19:35 2016	1461179975	35	683	719	644
Wed Apr 20 15:24:06 2016	1461180246	35	684	719	645
Wed Apr 20 15:21:17 2016	1461180077	36	683	719	645
Wed Apr 20 15:17:39 2016	1461179859	36	684	719	645
Wed Apr 20 15:25:36 2016	1461180336	40	679	719	641
Wed Apr 20 15:17:40 2016	1461179860	36	683	719	644
Wed Apr 20 15:18:47 2016	1461179927	35	684	719	645
Wed Apr 20 15:16:41 2016	1461179801	35	684	720	646
Wed Apr 20 15:19:11 2016	1461179951	35	685	720	646
Wed Apr 20 15:26:29 2016	1461180389	36	685	720	646
Wed Apr 20 15:25:17 2016	1461180317	35	685	720	646
Wed Apr 20 15:24:09 2016	1461180249	36	685	721	647
Wed Apr 20 15:22:42 2016	1461180162	36	686	722	645
Wed Apr 20 15:13:52 2016	1461179632	37	685	722	646
Wed Apr 20 15:17:39 2016	1461179859	36	686	722	647
Wed Apr 20 15:25:35 2016	1461180335	35	687	722	648
Wed Apr 20 15:20:01 2016	1461180001	35	687	723	649
Wed Apr 20 15:15:52 2016	1461179752	35	688	723	649
Wed Apr 20 15:20:37 2016	1461180037	36	687	723	649
Wed Apr 20 15:16:56 2016	1461179816	37	686	723	647
Wed Apr 20 15:24:09 2016	1461180249	36	687	723	649
Wed Apr 20 15:15:36 2016	1461179736	35	688	723	649
Wed Apr 20 15:17:41 2016	1461179861	35	688	723	650
Wed Apr 20 15:23:26 2016	1461180206	35	688	724	650
Wed Apr 20 15:20:26 2016	1461180026	35	688	724	650
Wed Apr 20 15:25:50 2016	1461180350	37	687	724	649
Wed Apr 20 15:16:16 2016	1461179776	36	688	724	649
Wed Apr 20 15:17:53 2016	1461179873	36	688	724	650
Wed Apr 20 15:24:37 2016	1461180277	36	688	724	649
Wed Apr 20 15:26:02 2016	1461180362	36	689	725	650
Wed Apr 20 15:20:04 2016	1461180004	36	689	725	649
Wed Apr 20 15:21:18 2016	1461180078	35	690	725	645
Wed Apr 20 15:24:47 2016	1461180287	35	690	725	651
Wed Apr 20 15:14:06 2016	1461179646	36	690	725	650
Wed Apr 20 15:18:23 2016	1461179903	37	688	726	650
Wed Apr 20 15:22:17 2016	1461180137	36	690	726	651
Wed Apr 20 15:24:06 2016	1461180246	35	690	726	652
Wed Apr 20 15:26:28 2016	1461180388	35	691	726	652
Wed Apr 20 15:20:13 2016	1461180013	36	690	726	655
Wed Apr 20 15:17:55 2016	1461179875	60	667	726	628
Wed Apr 20 15:15:10 2016	1461179710	36	691	726	652
Wed Apr 20 15:26:44 2016	1461180404	36	691	727	652
Wed Apr 20 15:22:17 2016	1461180137	36	691	727	652
Wed Apr 20 15:21:47 2016	1461180107	35	691	727	653
Wed Apr 20 15:23:54 2016	1461180234	35	692	727	648
Wed Apr 20 15:25:35 2016	1461180335	41	685	727	646
Wed Apr 20 15:21:01 2016	1461180061	35	692	727	653
Wed Apr 20 15:25:03 2016	1461180303	36	691	727	653
Wed Apr 20 15:15:23 2016	1461179723	35	692	727	653
Wed Apr 20 15:26:17 2016	1461180377	35	692	727	653
Wed Apr 20 15:24:21 2016	1461180261	36	691	727	653
Wed Apr 20 15:21:01 2016	1461180061	36	692	727	654
Wed Apr 20 15:19:23 2016	1461179963	36	692	728	653
Wed Apr 20 15:25:19 2016	1461180319	36	692	728	653
Wed Apr 20 15:26:52 2016	1461180412	35	692	728	654
Wed Apr 20 15:13:10 2016	1461179590	35	692	728	654
Wed Apr 20 15:18:44 2016	1461179924	36	692	728	654
Wed Apr 20 15:21:01 2016	1461180061	36	692	728	654
Wed Apr 20 15:15:10 2016	1461179710	35	693	728	655
Wed Apr 20 15:11:58 2016	1461179518	36	693	728	654
Wed Apr 20 15:25:17 2016	1461180317	35	693	729	655
Wed Apr 20 15:26:31 2016	1461180391	35	694	729	655
Wed Apr 20 15:24:47 2016	1461180287	35	694	730	656
Wed Apr 20 15:25:04 2016	1461180304	35	694	730	656
Wed Apr 20 15:22:42 2016	1461180162	37	693	730	655
Wed Apr 20 15:24:50 2016	1461180290	35	695	730	653
Wed Apr 20 15:27:21 2016	1461180441	35	696	731	657
Wed Apr 20 15:16:16 2016	1461179776	36	695	731	656
Wed Apr 20 15:24:06 2016	1461180246	35	696	731	658
Wed Apr 20 15:24:06 2016	1461180246	35	696	731	658
Wed Apr 20 15:26:55 2016	1461180415	35	696	732	658
Wed Apr 20 15:23:40 2016	1461180220	36	695	732	657
Wed Apr 20 15:26:29 2016	1461180389	36	696	732	658
Wed Apr 20 15:14:42 2016	1461179682	36	696	732	658
Wed Apr 20 15:25:50 2016	1461180350	36	696	732	657
Wed Apr 20 15:19:23 2016	1461179963	36	697	732	658
Wed Apr 20 15:27:05 2016	1461180425	35	697	732	658
Wed Apr 20 15:27:21 2016	1461180441	36	697	732	658
Wed Apr 20 15:24:36 2016	1461180276	35	697	733	659
Wed Apr 20 15:27:05 2016	1461180425	35	697	733	659
Wed Apr 20 15:13:09 2016	1461179589	36	698	733	659
Wed Apr 20 15:15:23 2016	1461179723	35	699	734	660
Wed Apr 20 15:15:10 2016	1461179710	36	698	734	660
Wed Apr 20 15:11:45 2016	1461179505	36	698	734	660
Wed Apr 20 15:26:44 2016	1461180404	35	699	734	661
Wed Apr 20 15:18:24 2016	1461179904	35	699	734	660
Wed Apr 20 15:18:36 2016	1461179916	38	696	734	658
Wed Apr 20 15:14:30 2016	1461179670	35	699	734	661
Wed Apr 20 15:24:09 2016	1461180249	35	699	735	661
Wed Apr 20 15:21:18 2016	1461180078	35	700	735	661
Wed Apr 20 15:18:56 2016	1461179936	40	695	735	657
Wed Apr 20 15:26:29 2016	1461180389	36	699	735	661
Wed Apr 20 15:22:00 2016	1461180120	35	700	735	661
Wed Apr 20 15:26:28 2016	1461180388	35	700	735	662
Wed Apr 20 15:26:41 2016	1461180401	35	700	736	662
Wed Apr 20 15:22:19 2016	1461180139	35	700	736	662
Wed Apr 20 15:15:10 2016	1461179710	35	701	736	662
Wed Apr 20 15:15:10 2016	1461179710	36	700	736	662
Wed Apr 20 15:14:06 2016	1461179646	35	701	736	662
Wed Apr 20 15:21:15 2016	1461180075	35	701	736	662
Wed Apr 20 15:25:36 2016	1461180336	36	700	736	661
Wed Apr 20 15:20:02 2016	1461180002	35	701	737	662
Wed Apr 20 15:24:06 2016	1461180246	36	701	737	662
Wed Apr 20 15:21:17 2016	1461180077	37	700	737	662
Wed Apr 20 15:23:40 2016	1461180220	35	702	737	662
Wed Apr 20 15:24:09 2016	1461180249	35	702	737	664
Wed Apr 20 15:15:23 2016	1461179723	37	701	737	663
Wed Apr 20 15:20:02 2016	1461180002	36	702	738	663
Wed Apr 20 15:24:09 2016	1461180249	36	702	738	664
Wed Apr 20 15:14:18 2016	1461179658	36	702	738	664
Wed Apr 20 15:26:29 2016	1461180389	36	703	738	664
Wed Apr 20 15:23:55 2016	1461180235	35	703	738	665
Wed Apr 20 15:24:08 2016	1461180248	36	703	739	664
Wed Apr 20 15:15:10 2016	1461179710	36	703	739	665
Wed Apr 20 15:23:39 2016	1461180219	36	703	739	664
Wed Apr 20 15:21:19 2016	1461180079	35	704	739	665
Wed Apr 20 15:18:22 2016	1461179902	35	704	739	666
Wed Apr 20 15:15:23 2016	1461179723	35	705	740	665
Wed Apr 20 15:20:53 2016	1461180053	36	704	740	666
Wed Apr 20 15:16:16 2016	1461179776	36	705	740	666
Wed Apr 20 15:24:21 2016	1461180261	35	705	740	666
Wed Apr 20 15:15:23 2016	1461179723	36	705	741	666
Wed Apr 20 15:24:22 2016	1461180262	36	706	742	668
Wed Apr 20 15:23:39 2016	1461180219	36	707	743	669
Wed Apr 20 15:24:06 2016	1461180246	35	708	743	669
Wed Apr 20 15:24:35 2016	1461180275	35	708	743	668
Wed Apr 20 15:21:18 2016	1461180078	35	708	743	669
Wed Apr 20 15:26:29 2016	1461180389	35	708	744	670
Wed Apr 20 15:24:08 2016	1461180248	36	708	744	669
Wed Apr 20 15:21:15 2016	1461180075	35	709	744	670
Wed Apr 20 15:23:39 2016	1461180219	36	708	744	670
Wed Apr 20 15:23:39 2016	1461180219	35	709	744	671
Wed Apr 20 15:14:54 2016	1461179694	35	709	744	670
Wed Apr 20 15:20:03 2016	1461180003	36	709	744	670
Wed Apr 20 15:14:06 2016	1461179646	36	708	744	670
Wed Apr 20 15:16:04 2016	1461179764	36	708	745	662
Wed Apr 20 15:21:18 2016	1461180078	35	709	745	671
Wed Apr 20 15:15:10 2016	1461179710	36	708	745	670
Wed Apr 20 15:24:35 2016	1461180275	35	709	745	671
Wed Apr 20 15:23:26 2016	1461180206	35	710	745	671
Wed Apr 20 15:22:32 2016	1461180152	36	709	745	670
Wed Apr 20 15:15:38 2016	1461179738	36	709	745	669
Wed Apr 20 15:26:42 2016	1461180402	36	709	745	671
Wed Apr 20 15:23:26 2016	1461180206	35	710	745	671
Wed Apr 20 15:26:16 2016	1461180376	35	710	746	672
Wed Apr 20 15:27:21 2016	1461180441	36	710	746	672
Wed Apr 20 15:19:20 2016	1461179960	35	711	746	672
Wed Apr 20 15:12:56 2016	1461179576	36	710	746	672
Wed Apr 20 15:11:19 2016	1461179479	37	709	746	671
Wed Apr 20 15:21:17 2016	1461180077	36	711	747	672
Wed Apr 20 15:16:30 2016	1461179790	36	711	747	673
Wed Apr 20 15:26:03 2016	1461180363	35	712	747	674
Wed Apr 20 15:16:30 2016	1461179790	36	712	747	673
Wed Apr 20 15:25:17 2016	1461180317	37	711	748	672
Wed Apr 20 15:25:01 2016	1461180301	35	713	748	674
Wed Apr 20 15:26:02 2016	1461180362	35	713	748	675
Wed Apr 20 15:16:30 2016	1461179790	36	712	748	674
Wed Apr 20 15:24:06 2016	1461180246	36	713	748	674
Wed Apr 20 15:14:19 2016	1461179659	35	713	748	674
Wed Apr 20 15:18:36 2016	1461179916	38	711	748	671
Wed Apr 20 15:23:26 2016	1461180206	35	713	748	675
Wed Apr 20 15:24:35 2016	1461180275	36	713	748	674
Wed Apr 20 15:25:02 2016	1461180302	35	713	749	675
Wed Apr 20 15:23:39 2016	1461180219	36	713	749	673
Wed Apr 20 15:20:01 2016	1461180001	36	713	749	675
Wed Apr 20 15:26:02 2016	1461180362	36	714	749	675
Wed Apr 20 15:24:36 2016	1461180276	35	714	749	676
Wed Apr 20 15:22:42 2016	1461180162	36	714	750	676
Wed Apr 20 15:26:05 2016	1461180365	35	714	750	676
Wed Apr 20 15:15:36 2016	1461179736	35	715	750	675
Wed Apr 20 15:22:00 2016	1461180120	35	715	750	676
Wed Apr 20 15:24:35 2016	1461180275	35	715	750	676
Wed Apr 20 15:15:36 2016	1461179736	35	715	750	676
Wed Apr 20 15:24:47 2016	1461180287	35	715	751	677
Wed Apr 20 15:18:22 2016	1461179902	35	715	751	675
Wed Apr 20 15:27:05 2016	1461180425	36	715	751	675
Wed Apr 20 15:16:16 2016	1461179776	35	715	751	677
Wed Apr 20 15:21:18 2016	1461180078	35	715	751	677
Wed Apr 20 15:24:21 2016	1461180261	35	716	751	677
Wed Apr 20 15:17:24 2016	1461179844	36	715	751	677
Wed Apr 20 15:27:09 2016	1461180429	36	715	751	677
Wed Apr 20 15:16:05 2016	1461179765	36	715	751	676
Wed Apr 20 15:26:42 2016	1461180402	35	716	751	677
Wed Apr 20 15:20:02 2016	1461180002	35	716	751	678
Wed Apr 20 15:26:03 2016	1461180363	35	716	751	677
Wed Apr 20 15:19:37 2016	1461179977	35	716	751	678
Wed Apr 20 15:26:02 2016	1461180362	36	716	752	677
Wed Apr 20 15:24:35 2016	1461180275	36	716	752	673
Wed Apr 20 15:17:53 2016	1461179873	35	716	752	678
Wed Apr 20 15:25:17 2016	1461180317	36	716	752	678
Wed Apr 20 15:24:47 2016	1461180287	36	716	752	677
Wed Apr 20 15:15:23 2016	1461179723	36	717	752	678
Wed Apr 20 15:19:20 2016	1461179960	36	717	753	678
Wed Apr 20 15:24:37 2016	1461180277	35	718	753	679
Wed Apr 20 15:16:29 2016	1461179789	36	717	753	679
Wed Apr 20 15:15:51 2016	1461179751	36	717	753	677
Wed Apr 20 15:16:30 2016	1461179790	35	718	753	679
Wed Apr 20 15:16:05 2016	1461179765	37	717	753	678
Wed Apr 20 15:18:22 2016	1461179902	36	718	754	679
Wed Apr 20 15:14:06 2016	1461179646	36	718	754	680
Wed Apr 20 15:23:12 2016	1461180192	35	718	754	680
Wed Apr 20 15:13:52 2016	1461179632	36	718	754	680
Wed Apr 20 15:19:24 2016	1461179964	36	718	754	680
Wed Apr 20 15:22:17 2016	1461180137	36	719	754	680
Wed Apr 20 15:16:56 2016	1461179816	35	719	755	681
Wed Apr 20 15:18:23 2016	1461179903	35	720	755	681
Wed Apr 20 15:23:13 2016	1461180193	35	720	755	681
Wed Apr 20 15:27:21 2016	1461180441	35	720	755	681
Wed Apr 20 15:17:53 2016	1461179873	35	720	755	682
Wed Apr 20 15:26:28 2016	1461180388	35	720	756	682
Wed Apr 20 15:21:17 2016	1461180077	35	721	756	682
Wed Apr 20 15:23:41 2016	1461180221	35	721	756	682
Wed Apr 20 15:23:26 2016	1461180206	35	721	756	683
Wed Apr 20 15:24:48 2016	1461180288	36	721	756	682
Wed Apr 20 15:14:30 2016	1461179670	35	721	757	683
Wed Apr 20 15:14:56 2016	1461179696	37	720	757	681
Wed Apr 20 15:26:53 2016	1461180413	36	721	757	682
Wed Apr 20 15:15:36 2016	1461179736	36	721	757	683
Wed Apr 20 15:24:08 2016	1461180248	35	722	757	682
Wed Apr 20 15:15:51 2016	1461179751	39	719	757	675
Wed Apr 20 15:24:49 2016	1461180289	36	722	757	683
Wed Apr 20 15:25:01 2016	1461180301	36	722	758	683
Wed Apr 20 15:26:17 2016	1461180377	35	723	758	685
Wed Apr 20 15:15:23 2016	1461179723	36	723	759	684
Wed Apr 20 15:26:42 2016	1461180402	35	724	759	680
Wed Apr 20 15:26:28 2016	1461180388	35	724	759	685
Wed Apr 20 15:24:35 2016	1461180275	35	724	759	686
Wed Apr 20 15:26:02 2016	1461180362	36	724	759	685
Wed Apr 20 15:12:11 2016	1461179531	36	724	759	685
Wed Apr 20 15:22:17 2016	1461180137	35	724	759	685
Wed Apr 20 15:23:28 2016	1461180208	35	724	760	686
Wed Apr 20 15:22:30 2016	1461180150	35	724	760	686
Wed Apr 20 15:23:12 2016	1461180192	35	724	760	686
Wed Apr 20 15:15:36 2016	1461179736	35	725	760	686
Wed Apr 20 15:21:15 2016	1461180075	35	725	760	686
Wed Apr 20 15:15:23 2016	1461179723	36	725	760	686
Wed Apr 20 15:14:43 2016	1461179683	36	725	760	686
Wed Apr 20 15:24:48 2016	1461180288	36	725	760	686
Wed Apr 20 15:18:22 2016	1461179902	37	724	761	686
Wed Apr 20 15:15:36 2016	1461179736	36	726	761	687
Wed Apr 20 15:17:52 2016	1461179872	35	726	761	688
Wed Apr 20 15:22:30 2016	1461180150	35	726	762	688
Wed Apr 20 15:22:17 2016	1461180137	35	726	762	688
Wed Apr 20 15:26:42 2016	1461180402	35	726	762	688
Wed Apr 20 15:21:18 2016	1461180078	35	727	762	688
Wed Apr 20 15:18:22 2016	1461179902	35	727	762	686
Wed Apr 20 15:18:22 2016	1461179902	35	727	762	688
Wed Apr 20 15:15:22 2016	1461179722	35	727	763	688
Wed Apr 20 15:19:48 2016	1461179988	37	726	763	688
Wed Apr 20 15:15:10 2016	1461179710	36	727	763	689
Wed Apr 20 15:23:39 2016	1461180219	35	727	763	689
Wed Apr 20 15:14:06 2016	1461179646	36	728	763	689
Wed Apr 20 15:26:42 2016	1461180402	35	728	763	690
Wed Apr 20 15:25:49 2016	1461180349	35	728	763	690
Wed Apr 20 15:12:55 2016	1461179575	36	727	763	692
Wed Apr 20 15:25:35 2016	1461180335	35	728	763	690
Wed Apr 20 15:24:21 2016	1461180261	36	728	764	690
Wed Apr 20 15:20:01 2016	1461180001	36	728	764	689
Wed Apr 20 15:23:26 2016	1461180206	36	728	764	684
Wed Apr 20 15:17:10 2016	1461179830	35	728	764	690
Wed Apr 20 15:17:52 2016	1461179872	36	728	764	689
Wed Apr 20 15:26:54 2016	1461180414	36	728	764	689
Wed Apr 20 15:23:12 2016	1461180192	35	729	764	691
Wed Apr 20 15:24:22 2016	1461180262	35	729	765	689
Wed Apr 20 15:23:55 2016	1461180235	35	729	765	691
Wed Apr 20 15:20:49 2016	1461180049	37	728	765	689
Wed Apr 20 15:16:41 2016	1461179801	35	729	765	691
Wed Apr 20 15:24:48 2016	1461180288	35	730	765	691
Wed Apr 20 15:19:34 2016	1461179974	36	730	766	691
Wed Apr 20 15:25:36 2016	1461180336	35	730	766	692
Wed Apr 20 15:19:08 2016	1461179948	36	730	766	691
Wed Apr 20 15:25:16 2016	1461180316	35	731	766	692
Wed Apr 20 15:24:48 2016	1461180288	36	731	766	692
Wed Apr 20 15:26:05 2016	1461180365	35	731	766	692
Wed Apr 20 15:21:18 2016	1461180078	35	731	767	693
Wed Apr 20 15:17:52 2016	1461179872	37	730	767	692
Wed Apr 20 15:17:52 2016	1461179872	35	731	767	693
Wed Apr 20 15:15:23 2016	1461179723	35	732	767	693
Wed Apr 20 15:12:56 2016	1461179576	35	732	767	693
Wed Apr 20 15:23:26 2016	1461180206	36	731	767	692
Wed Apr 20 15:25:36 2016	1461180336	35	732	767	694
Wed Apr 20 15:26:42 2016	1461180402	36	731	767	693
Wed Apr 20 15:20:27 2016	1461180027	36	732	767	693
Wed Apr 20 15:18:22 2016	1461179902	35	732	768	693
Wed Apr 20 15:15:09 2016	1461179709	35	732	768	694
Wed Apr 20 15:13:38 2016	1461179618	36	732	768	693
Wed Apr 20 15:17:52 2016	1461179872	35	732	768	694
Wed Apr 20 15:18:22 2016	1461179902	35	733	768	694
Wed Apr 20 15:18:22 2016	1461179902	36	732	768	693
Wed Apr 20 15:25:18 2016	1461180318	35	733	768	695
Wed Apr 20 15:16:30 2016	1461179790	36	733	768	694
Wed Apr 20 15:24:22 2016	1461180262	36	733	769	694
Wed Apr 20 15:21:31 2016	1461180091	35	733	769	694
Wed Apr 20 15:20:01 2016	1461180001	35	733	769	694
Wed Apr 20 15:11:20 2016	1461179480	35	733	769	694
Wed Apr 20 15:15:36 2016	1461179736	35	734	769	694
Wed Apr 20 15:19:23 2016	1461179963	35	734	769	694
Wed Apr 20 15:23:38 2016	1461180218	36	733	769	694
Wed Apr 20 15:24:49 2016	1461180289	36	734	769	695
Wed Apr 20 15:17:52 2016	1461179872	35	734	769	696
Wed Apr 20 15:26:41 2016	1461180401	35	734	769	696
Wed Apr 20 15:18:21 2016	1461179901	36	733	769	694
Wed Apr 20 15:26:42 2016	1461180402	36	734	770	695
Wed Apr 20 15:17:54 2016	1461179874	36	734	770	695
Wed Apr 20 15:25:49 2016	1461180349	36	733	770	695
Wed Apr 20 15:18:59 2016	1461179939	35	735	770	696
Wed Apr 20 15:23:12 2016	1461180192	35	735	770	696
Wed Apr 20 15:21:18 2016	1461180078	35	735	770	696
Wed Apr 20 15:18:21 2016	1461179901	35	735	770	697
Wed Apr 20 15:15:36 2016	1461179736	35	735	771	697
Wed Apr 20 15:23:40 2016	1461180220	35	736	771	696
Wed Apr 20 15:20:01 2016	1461180001	36	735	771	696
Wed Apr 20 15:17:24 2016	1461179844	35	736	771	697
Wed Apr 20 15:20:53 2016	1461180053	36	736	771	697
Wed Apr 20 15:14:18 2016	1461179658	35	736	771	698
Wed Apr 20 15:14:42 2016	1461179682	36	736	771	697
Wed Apr 20 15:16:30 2016	1461179790	35	736	771	698
Wed Apr 20 15:15:24 2016	1461179724	35	736	771	698
Wed Apr 20 15:24:47 2016	1461180287	35	736	771	698
Wed Apr 20 15:14:30 2016	1461179670	35	736	772	697
Wed Apr 20 15:12:12 2016	1461179532	35	736	772	698
Wed Apr 20 15:17:10 2016	1461179830	35	736	772	698
Wed Apr 20 15:18:22 2016	1461179902	35	736	772	698
Wed Apr 20 15:17:10 2016	1461179830	35	737	772	698
Wed Apr 20 15:24:50 2016	1461180290	35	737	772	698
Wed Apr 20 15:23:13 2016	1461180193	36	737	772	698
Wed Apr 20 15:15:09 2016	1461179709	35	737	772	698
Wed Apr 20 15:18:21 2016	1461179901	36	737	772	698
Wed Apr 20 15:24:06 2016	1461180246	35	738	773	699
Wed Apr 20 15:26:52 2016	1461180412	36	737	773	699
Wed Apr 20 15:15:10 2016	1461179710	35	738	773	699
Wed Apr 20 15:15:35 2016	1461179735	36	738	774	700
Wed Apr 20 15:24:34 2016	1461180274	37	737	774	699
Wed Apr 20 15:15:24 2016	1461179724	35	738	774	700
Wed Apr 20 15:20:27 2016	1461180027	36	739	775	700
Wed Apr 20 15:15:22 2016	1461179722	36	739	775	700
Wed Apr 20 15:22:00 2016	1461180120	35	739	775	701
Wed Apr 20 15:23:12 2016	1461180192	35	739	775	701
Wed Apr 20 15:20:26 2016	1461180026	36	739	775	697
Wed Apr 20 15:24:06 2016	1461180246	36	739	775	701
Wed Apr 20 15:14:18 2016	1461179658	36	739	775	700
Wed Apr 20 15:15:23 2016	1461179723	35	740	775	701
Wed Apr 20 15:15:24 2016	1461179724	35	740	776	693
Wed Apr 20 15:14:30 2016	1461179670	35	740	776	702
Wed Apr 20 15:13:24 2016	1461179604	36	740	776	702
Wed Apr 20 15:13:24 2016	1461179604	35	741	776	702
Wed Apr 20 15:26:54 2016	1461180414	36	740	776	702
Wed Apr 20 15:17:10 2016	1461179830	36	740	776	702
Wed Apr 20 15:17:10 2016	1461179830	35	741	776	700
Wed Apr 20 15:15:22 2016	1461179722	36	741	776	702
Wed Apr 20 15:24:07 2016	1461180247	36	741	777	702
Wed Apr 20 15:16:56 2016	1461179816	36	741	777	702
Wed Apr 20 15:15:24 2016	1461179724	35	742	777	703
Wed Apr 20 15:17:52 2016	1461179872	35	742	777	703
Wed Apr 20 15:17:52 2016	1461179872	36	741	777	703
Wed Apr 20 15:15:09 2016	1461179709	36	742	777	703
Wed Apr 20 15:24:21 2016	1461180261	36	742	777	703
Wed Apr 20 15:25:01 2016	1461180301	35	743	778	705
Wed Apr 20 15:16:30 2016	1461179790	36	743	778	704
Wed Apr 20 15:19:24 2016	1461179964	35	744	779	705
Wed Apr 20 15:11:32 2016	1461179492	36	744	779	705
Wed Apr 20 15:15:51 2016	1461179751	35	744	779	706
Wed Apr 20 15:14:42 2016	1461179682	36	744	780	705
Wed Apr 20 15:23:12 2016	1461180192	35	744	780	706
Wed Apr 20 15:13:52 2016	1461179632	36	744	780	705
Wed Apr 20 15:18:21 2016	1461179901	36	744	780	706
Wed Apr 20 15:24:34 2016	1461180274	37	743	780	705
Wed Apr 20 15:26:54 2016	1461180414	35	744	780	706
Wed Apr 20 15:24:49 2016	1461180289	35	745	780	706
Wed Apr 20 15:15:22 2016	1461179722	36	745	781	706
Wed Apr 20 15:15:22 2016	1461179722	35	745	781	707
Wed Apr 20 15:23:39 2016	1461180219	35	745	781	705
Wed Apr 20 15:20:02 2016	1461180002	35	745	781	707
Wed Apr 20 15:18:22 2016	1461179902	35	746	781	707
Wed Apr 20 15:13:24 2016	1461179604	35	746	781	707
Wed Apr 20 15:15:35 2016	1461179735	35	746	781	707
Wed Apr 20 15:15:36 2016	1461179736	35	746	781	708
Wed Apr 20 15:18:22 2016	1461179902	35	746	781	707
Wed Apr 20 15:26:16 2016	1461180376	35	746	781	708
Wed Apr 20 15:24:20 2016	1461180260	36	746	781	704
Wed Apr 20 15:22:32 2016	1461180152	35	746	781	707
Wed Apr 20 15:22:30 2016	1461180150	35	746	781	708
Wed Apr 20 15:15:35 2016	1461179735	35	746	781	708
Wed Apr 20 15:17:54 2016	1461179874	36	746	782	707
Wed Apr 20 15:22:17 2016	1461180137	35	746	782	708
Wed Apr 20 15:15:23 2016	1461179723	36	746	782	707
Wed Apr 20 15:15:51 2016	1461179751	35	746	782	708
Wed Apr 20 15:24:21 2016	1461180261	36	746	782	707
Wed Apr 20 15:23:28 2016	1461180208	36	746	782	708
Wed Apr 20 15:25:03 2016	1461180303	35	747	782	708
Wed Apr 20 15:16:30 2016	1461179790	35	748	783	709
Wed Apr 20 15:15:22 2016	1461179722	36	747	783	709
Wed Apr 20 15:17:41 2016	1461179861	36	748	783	709
Wed Apr 20 15:15:22 2016	1461179722	36	748	783	709
Wed Apr 20 15:16:04 2016	1461179764	37	746	784	707
Wed Apr 20 15:27:05 2016	1461180425	35	748	784	710
Wed Apr 20 15:18:44 2016	1461179924	35	748	784	710
Wed Apr 20 15:17:51 2016	1461179871	38	746	784	708
Wed Apr 20 15:15:24 2016	1461179724	35	749	784	710
Wed Apr 20 15:24:06 2016	1461180246	35	749	784	710
Wed Apr 20 15:15:24 2016	1461179724	36	749	784	709
Wed Apr 20 15:25:49 2016	1461180349	36	748	784	710
Wed Apr 20 15:18:36 2016	1461179916	37	747	784	702
Wed Apr 20 15:23:12 2016	1461180192	36	749	784	710
Wed Apr 20 15:26:02 2016	1461180362	36	749	784	710
Wed Apr 20 15:24:48 2016	1461180288	35	749	785	711
Wed Apr 20 15:23:39 2016	1461180219	35	750	785	711
Wed Apr 20 15:11:45 2016	1461179505	36	749	786	711
Wed Apr 20 15:23:12 2016	1461180192	35	750	786	712
Wed Apr 20 15:25:49 2016	1461180349	35	750	786	712
Wed Apr 20 15:15:35 2016	1461179735	36	750	786	711
Wed Apr 20 15:23:38 2016	1461180218	35	751	786	712
Wed Apr 20 15:15:09 2016	1461179709	36	750	786	712
Wed Apr 20 15:26:42 2016	1461180402	35	751	786	712
Wed Apr 20 15:22:32 2016	1461180152	36	751	786	712
Wed Apr 20 15:13:24 2016	1461179604	35	751	786	713
Wed Apr 20 15:13:24 2016	1461179604	36	751	786	712
Wed Apr 20 15:24:49 2016	1461180289	35	751	787	713
Wed Apr 20 15:17:11 2016	1461179831	35	751	787	713
Wed Apr 20 15:21:31 2016	1461180091	35	752	787	711
Wed Apr 20 15:23:39 2016	1461180219	36	751	787	713
Wed Apr 20 15:24:20 2016	1461180260	35	752	787	712
Wed Apr 20 15:15:09 2016	1461179709	35	752	788	713
Wed Apr 20 15:24:34 2016	1461180274	36	752	788	714
Wed Apr 20 15:27:07 2016	1461180427	35	752	788	714
Wed Apr 20 15:14:18 2016	1461179658	36	752	788	714
Wed Apr 20 15:26:02 2016	1461180362	36	752	788	714
Wed Apr 20 15:13:24 2016	1461179604	36	753	788	714
Wed Apr 20 15:12:11 2016	1461179531	35	753	788	715
Wed Apr 20 15:13:24 2016	1461179604	35	753	789	715
Wed Apr 20 15:17:24 2016	1461179844	36	753	789	714
Wed Apr 20 15:15:24 2016	1461179724	36	753	789	714
Wed Apr 20 15:18:21 2016	1461179901	35	754	789	715
Wed Apr 20 15:16:41 2016	1461179801	36	753	789	715
Wed Apr 20 15:19:50 2016	1461179990	36	753	789	715
Wed Apr 20 15:15:09 2016	1461179709	35	754	790	716
Wed Apr 20 15:25:35 2016	1461180335	36	754	790	715
Wed Apr 20 15:16:16 2016	1461179776	35	754	790	716
Wed Apr 20 15:20:02 2016	1461180002	35	754	790	716
Wed Apr 20 15:25:17 2016	1461180317	37	754	790	715
Wed Apr 20 15:25:36 2016	1461180336	35	755	791	717
Wed Apr 20 15:23:40 2016	1461180220	36	755	791	717
Wed Apr 20 15:16:56 2016	1461179816	35	755	791	717
Wed Apr 20 15:22:31 2016	1461180151	35	756	791	717
Wed Apr 20 15:16:41 2016	1461179801	36	755	791	717
Wed Apr 20 15:20:27 2016	1461180027	36	755	791	716
Wed Apr 20 15:17:10 2016	1461179830	36	756	791	717
Wed Apr 20 15:12:12 2016	1461179532	35	756	791	715
Wed Apr 20 15:25:36 2016	1461180336	35	756	791	718
Wed Apr 20 15:26:15 2016	1461180375	35	756	792	718
Wed Apr 20 15:16:41 2016	1461179801	36	756	792	717
Wed Apr 20 15:24:35 2016	1461180275	36	756	792	718
Wed Apr 20 15:26:16 2016	1461180376	35	757	792	718
Wed Apr 20 15:16:05 2016	1461179765	36	756	792	716
Wed Apr 20 15:19:48 2016	1461179988	35	757	792	705
Wed Apr 20 15:26:53 2016	1461180413	36	757	792	718
Wed Apr 20 15:17:10 2016	1461179830	35	757	792	719
Wed Apr 20 15:19:22 2016	1461179962	36	757	793	718
Wed Apr 20 15:21:33 2016	1461180093	36	757	793	718
Wed Apr 20 15:25:50 2016	1461180350	36	758	793	719
Wed Apr 20 15:13:24 2016	1461179604	36	758	794	720
Wed Apr 20 15:17:52 2016	1461179872	36	758	794	719
Wed Apr 20 15:26:53 2016	1461180413	35	759	795	721
Wed Apr 20 15:17:52 2016	1461179872	36	759	795	720
Wed Apr 20 15:22:17 2016	1461180137	35	760	795	722
Wed Apr 20 15:23:26 2016	1461180206	35	760	795	722
Wed Apr 20 15:24:06 2016	1461180246	35	760	796	722
Wed Apr 20 15:17:39 2016	1461179859	36	760	796	721
Wed Apr 20 15:17:10 2016	1461179830	36	760	796	721
Wed Apr 20 15:26:16 2016	1461180376	35	760	796	722
Wed Apr 20 15:17:24 2016	1461179844	35	761	796	722
Wed Apr 20 15:23:12 2016	1461180192	36	760	796	722
Wed Apr 20 15:17:10 2016	1461179830	35	761	796	722
Wed Apr 20 15:15:24 2016	1461179724	35	761	796	720
Wed Apr 20 15:20:01 2016	1461180001	35	761	796	722
Wed Apr 20 15:15:35 2016	1461179735	35	761	796	722
Wed Apr 20 15:26:02 2016	1461180362	35	761	796	722
Wed Apr 20 15:26:02 2016	1461180362	35	761	796	722
Wed Apr 20 15:22:30 2016	1461180150	35	761	797	723
Wed Apr 20 15:24:35 2016	1461180275	35	762	797	724
Wed Apr 20 15:21:46 2016	1461180106	35	762	798	724
Wed Apr 20 15:26:53 2016	1461180413	35	762	798	724
Wed Apr 20 15:25:49 2016	1461180349	35	763	798	724
Wed Apr 20 15:14:30 2016	1461179670	35	763	798	724
Wed Apr 20 15:26:44 2016	1461180404	35	763	798	724
Wed Apr 20 15:16:18 2016	1461179778	39	760	798	714
Wed Apr 20 15:26:16 2016	1461180376	36	762	798	724
Wed Apr 20 15:15:22 2016	1461179722	36	763	799	724
Wed Apr 20 15:16:05 2016	1461179765	36	763	799	724
Wed Apr 20 15:15:22 2016	1461179722	35	764	799	725
Wed Apr 20 15:22:00 2016	1461180120	35	764	799	725
Wed Apr 20 15:26:54 2016	1461180414	36	764	799	725
Wed Apr 20 15:25:49 2016	1461180349	36	764	799	725
Wed Apr 20 15:26:52 2016	1461180412	36	764	799	726
Wed Apr 20 15:16:29 2016	1461179789	35	764	800	726
Wed Apr 20 15:24:07 2016	1461180247	35	765	800	726
Wed Apr 20 15:23:12 2016	1461180192	36	764	800	725
Wed Apr 20 15:20:00 2016	1461180000	36	764	800	726
Wed Apr 20 15:27:05 2016	1461180425	37	763	800	725
Wed Apr 20 15:22:33 2016	1461180153	36	764	801	726
Wed Apr 20 15:14:05 2016	1461179645	35	765	801	727
Wed Apr 20 15:12:41 2016	1461179561	80	721	801	659
Wed Apr 20 15:26:02 2016	1461180362	35	766	801	728
Wed Apr 20 15:17:54 2016	1461179874	36	766	801	727
Wed Apr 20 15:15:51 2016	1461179751	36	766	801	726
Wed Apr 20 15:13:24 2016	1461179604	36	766	802	727
Wed Apr 20 15:25:02 2016	1461180302	35	767	802	728
Wed Apr 20 15:19:22 2016	1461179962	36	767	802	728
Wed Apr 20 15:20:00 2016	1461180000	35	767	802	729
Wed Apr 20 15:14:30 2016	1461179670	35	768	803	729
Wed Apr 20 15:25:36 2016	1461180336	35	768	803	729
Wed Apr 20 15:17:10 2016	1461179830	35	768	803	730
Wed Apr 20 15:21:30 2016	1461180090	35	768	803	730
Wed Apr 20 15:24:48 2016	1461180288	36	768	804	729
Wed Apr 20 15:17:51 2016	1461179871	36	767	804	729
Wed Apr 20 15:24:20 2016	1461180260	35	768	804	730
Wed Apr 20 15:17:10 2016	1461179830	36	768	804	730
Wed Apr 20 15:17:09 2016	1461179829	36	768	804	729
Wed Apr 20 15:17:11 2016	1461179831	36	768	804	730
Wed Apr 20 15:14:30 2016	1461179670	36	768	804	730
Wed Apr 20 15:17:54 2016	1461179874	36	769	804	730
Wed Apr 20 15:16:56 2016	1461179816	38	767	804	728
Wed Apr 20 15:26:02 2016	1461180362	36	768	805	730
Wed Apr 20 15:27:05 2016	1461180425	36	769	805	730
Wed Apr 20 15:13:51 2016	1461179631	35	769	805	731
Wed Apr 20 15:19:48 2016	1461179988	36	769	805	730
Wed Apr 20 15:24:48 2016	1461180288	35	770	805	732
Wed Apr 20 15:13:23 2016	1461179603	35	770	806	732
Wed Apr 20 15:13:24 2016	1461179604	35	771	806	732
Wed Apr 20 15:27:07 2016	1461180427	36	770	806	731
Wed Apr 20 15:19:20 2016	1461179960	36	771	806	732
Wed Apr 20 15:19:20 2016	1461179960	35	771	806	732
Wed Apr 20 15:15:24 2016	1461179724	35	771	806	733
Wed Apr 20 15:19:22 2016	1461179962	35	771	806	732
Wed Apr 20 15:26:53 2016	1461180413	35	771	807	733
Wed Apr 20 15:24:09 2016	1461180249	35	772	807	733
Wed Apr 20 15:24:50 2016	1461180290	35	772	807	733
Wed Apr 20 15:17:10 2016	1461179830	35	772	807	733
Wed Apr 20 15:23:38 2016	1461180218	36	772	808	733
Wed Apr 20 15:17:54 2016	1461179874	35	773	808	734
Wed Apr 20 15:24:21 2016	1461180261	35	773	808	735
Wed Apr 20 15:17:09 2016	1461179829	36	773	808	732
Wed Apr 20 15:26:54 2016	1461180414	36	773	809	733
Wed Apr 20 15:24:22 2016	1461180262	36	773	809	734
Wed Apr 20 15:17:10 2016	1461179830	35	774	809	730
Wed Apr 20 15:14:54 2016	1461179694	35	774	809	735
Wed Apr 20 15:25:18 2016	1461180318	36	774	809	735
Wed Apr 20 15:14:42 2016	1461179682	35	774	810	736
Wed Apr 20 15:26:02 2016	1461180362	36	774	810	735
Wed Apr 20 15:20:13 2016	1461180013	41	769	810	733
Wed Apr 20 15:17:24 2016	1461179844	35	775	810	735
Wed Apr 20 15:21:31 2016	1461180091	36	774	810	734
Wed Apr 20 15:21:31 2016	1461180091	35	775	811	737
Wed Apr 20 15:24:07 2016	1461180247	35	775	811	737
Wed Apr 20 15:24:48 2016	1461180288	35	775	811	737
Wed Apr 20 15:17:24 2016	1461179844	36	775	811	737
Wed Apr 20 15:26:54 2016	1461180414	35	776	811	737
Wed Apr 20 15:17:54 2016	1461179874	35	776	811	738
Wed Apr 20 15:19:23 2016	1461179963	36	776	811	737
Wed Apr 20 15:15:24 2016	1461179724	36	776	812	737
Wed Apr 20 15:17:11 2016	1461179831	36	776	812	738
Wed Apr 20 15:14:30 2016	1461179670	35	776	812	738
Wed Apr 20 15:26:01 2016	1461180361	35	777	812	739
Wed Apr 20 15:17:54 2016	1461179874	35	777	812	739
Wed Apr 20 15:25:49 2016	1461180349	36	777	812	738
Wed Apr 20 15:15:51 2016	1461179751	35	777	812	739
Wed Apr 20 15:17:54 2016	1461179874	35	777	813	738
Wed Apr 20 15:17:54 2016	1461179874	35	778	813	739
Wed Apr 20 15:16:41 2016	1461179801	35	778	814	740
Wed Apr 20 15:14:06 2016	1461179646	37	777	814	737
Wed Apr 20 15:14:18 2016	1461179658	35	778	814	740
Wed Apr 20 15:16:41 2016	1461179801	35	779	814	740
Wed Apr 20 15:17:39 2016	1461179859	37	778	814	737
Wed Apr 20 15:24:22 2016	1461180262	36	779	814	738
Wed Apr 20 15:21:31 2016	1461180091	35	779	815	741
Wed Apr 20 15:22:45 2016	1461180165	36	779	815	741
Wed Apr 20 15:15:22 2016	1461179722	36	779	815	741
Wed Apr 20 15:20:02 2016	1461180002	35	780	815	741
Wed Apr 20 15:23:25 2016	1461180205	35	780	815	741
Wed Apr 20 15:12:41 2016	1461179561	71	744	815	689
Wed Apr 20 15:23:40 2016	1461180220	36	780	815	741
Wed Apr 20 15:24:21 2016	1461180261	36	780	815	741
Wed Apr 20 15:20:26 2016	1461180026	36	780	816	742
Wed Apr 20 15:11:45 2016	1461179505	36	780	816	736
Wed Apr 20 15:26:16 2016	1461180376	36	781	816	742
Wed Apr 20 15:26:02 2016	1461180362	35	781	816	743
Wed Apr 20 15:16:41 2016	1461179801	35	781	816	742
Wed Apr 20 15:19:22 2016	1461179962	36	781	817	737
Wed Apr 20 15:19:22 2016	1461179962	35	781	817	737
Wed Apr 20 15:16:04 2016	1461179764	35	782	817	734
Wed Apr 20 15:15:24 2016	1461179724	36	781	817	743
Wed Apr 20 15:21:30 2016	1461180090	36	782	817	743
Wed Apr 20 15:17:54 2016	1461179874	36	782	818	744
Wed Apr 20 15:13:09 2016	1461179589	35	782	818	744
Wed Apr 20 15:25:17 2016	1461180317	36	781	818	743
Wed Apr 20 15:24:35 2016	1461180275	37	781	818	743
Wed Apr 20 15:11:31 2016	1461179491	36	782	818	743
Wed Apr 20 15:14:18 2016	1461179658	35	783	818	744
Wed Apr 20 15:25:49 2016	1461180349	36	783	818	744
Wed Apr 20 15:14:03 2016	1461179643	36	783	818	743
Wed Apr 20 15:25:03 2016	1461180303	35	783	818	745
Wed Apr 20 15:24:48 2016	1461180288	35	783	819	743
Wed Apr 20 15:22:45 2016	1461180165	37	782	819	743
Wed Apr 20 15:22:32 2016	1461180152	35	784	819	745
Wed Apr 20 15:20:00 2016	1461180000	36	784	819	745
Wed Apr 20 15:26:16 2016	1461180376	36	784	819	745
Wed Apr 20 15:22:00 2016	1461180120	36	784	819	745
Wed Apr 20 15:22:00 2016	1461180120	36	784	820	746
Wed Apr 20 15:24:35 2016	1461180275	36	784	820	745
Wed Apr 20 15:25:17 2016	1461180317	36	785	820	746
Wed Apr 20 15:27:06 2016	1461180426	36	785	820	746
Wed Apr 20 15:16:05 2016	1461179765	36	784	820	745
Wed Apr 20 15:21:46 2016	1461180106	36	784	820	746
Wed Apr 20 15:18:44 2016	1461179924	36	785	820	747
Wed Apr 20 15:25:51 2016	1461180351	36	785	821	746
Wed Apr 20 15:15:35 2016	1461179735	35	787	822	748
Wed Apr 20 15:23:12 2016	1461180192	35	787	822	748
Wed Apr 20 15:23:13 2016	1461180193	35	787	823	749
Wed Apr 20 15:23:39 2016	1461180219	36	787	823	749
Wed Apr 20 15:14:05 2016	1461179645	38	785	823	747
Wed Apr 20 15:26:54 2016	1461180414	36	788	823	749
Wed Apr 20 15:24:07 2016	1461180247	35	788	823	749
Wed Apr 20 15:24:35 2016	1461180275	37	786	823	748
Wed Apr 20 15:25:49 2016	1461180349	36	787	823	748
Wed Apr 20 15:16:31 2016	1461179791	36	788	823	749
Wed Apr 20 15:17:11 2016	1461179831	36	788	823	749
Wed Apr 20 15:15:22 2016	1461179722	35	789	824	751
Wed Apr 20 15:12:41 2016	1461179561	86	738	824	674
Wed Apr 20 15:11:31 2016	1461179491	35	789	825	745
Wed Apr 20 15:19:22 2016	1461179962	36	789	825	749
Wed Apr 20 15:11:31 2016	1461179491	36	789	825	750
Wed Apr 20 15:16:56 2016	1461179816	35	790	826	752
Wed Apr 20 15:24:21 2016	1461180261	39	787	826	748
Wed Apr 20 15:17:55 2016	1461179875	35	791	826	752
Wed Apr 20 15:11:20 2016	1461179480	36	791	826	752
Wed Apr 20 15:20:27 2016	1461180027	35	791	826	753
Wed Apr 20 15:14:18 2016	1461179658	38	789	827	745
Wed Apr 20 15:16:04 2016	1461179764	36	791	827	752
Wed Apr 20 15:12:41 2016	1461179561	84	743	827	682
Wed Apr 20 15:17:09 2016	1461179829	36	791	827	753
Wed Apr 20 15:26:52 2016	1461180412	35	792	827	754
Wed Apr 20 15:24:35 2016	1461180275	36	792	828	753
Wed Apr 20 15:25:50 2016	1461180350	35	792	828	754
Wed Apr 20 15:21:31 2016	1461180091	36	792	828	754
Wed Apr 20 15:16:41 2016	1461179801	35	793	828	754
Wed Apr 20 15:20:04 2016	1461180004	35	793	828	754
Wed Apr 20 15:17:11 2016	1461179831	36	793	828	754
Wed Apr 20 15:26:16 2016	1461180376	36	793	828	754
Wed Apr 20 15:24:36 2016	1461180276	36	793	828	754
Wed Apr 20 15:24:47 2016	1461180287	36	793	829	746
Wed Apr 20 15:22:30 2016	1461180150	36	793	829	754
Wed Apr 20 15:26:16 2016	1461180376	36	793	829	755
Wed Apr 20 15:16:04 2016	1461179764	36	794	829	754
Wed Apr 20 15:21:31 2016	1461180091	35	795	830	756
Wed Apr 20 15:12:41 2016	1461179561	84	747	830	684
Wed Apr 20 15:17:54 2016	1461179874	36	795	830	756
Wed Apr 20 15:26:18 2016	1461180378	36	795	831	756
Wed Apr 20 15:11:57 2016	1461179517	35	795	831	756
Wed Apr 20 15:14:31 2016	1461179671	35	795	831	757
Wed Apr 20 15:13:37 2016	1461179617	36	795	831	757
Wed Apr 20 15:21:31 2016	1461180091	36	795	831	756
Wed Apr 20 15:11:31 2016	1461179491	35	796	831	757
Wed Apr 20 15:23:12 2016	1461180192	36	795	831	757
Wed Apr 20 15:24:07 2016	1461180247	35	796	831	758
Wed Apr 20 15:14:17 2016	1461179657	39	793	832	754
Wed Apr 20 15:17:24 2016	1461179844	36	796	832	758
Wed Apr 20 15:14:29 2016	1461179669	36	796	832	758
Wed Apr 20 15:18:09 2016	1461179889	35	796	832	758
Wed Apr 20 15:11:31 2016	1461179491	36	797	832	758
Wed Apr 20 15:24:48 2016	1461180288	37	796	832	757
Wed Apr 20 15:17:51 2016	1461179871	36	797	833	758
Wed Apr 20 15:14:17 2016	1461179657	35	797	833	759
Wed Apr 20 15:17:38 2016	1461179858	35	799	834	760
Wed Apr 20 15:14:17 2016	1461179657	35	799	834	755
Wed Apr 20 15:16:18 2016	1461179778	41	794	834	750
Wed Apr 20 15:25:49 2016	1461180349	36	799	834	760
Wed Apr 20 15:23:53 2016	1461180233	36	799	835	761
Wed Apr 20 15:23:53 2016	1461180233	35	800	835	762
Wed Apr 20 15:24:22 2016	1461180262	35	800	835	762
Wed Apr 20 15:14:03 2016	1461179643	35	800	836	761
Wed Apr 20 15:16:29 2016	1461179789	36	800	836	762
Wed Apr 20 15:16:05 2016	1461179765	36	800	836	761
Wed Apr 20 15:14:29 2016	1461179669	36	801	836	762
Wed Apr 20 15:24:21 2016	1461180261	37	799	836	761
Wed Apr 20 15:18:09 2016	1461179889	36	801	836	762
Wed Apr 20 15:14:29 2016	1461179669	36	800	836	761
Wed Apr 20 15:14:42 2016	1461179682	36	801	837	762
Wed Apr 20 15:20:27 2016	1461180027	35	801	837	763
Wed Apr 20 15:11:57 2016	1461179517	35	802	837	757
Wed Apr 20 15:17:38 2016	1461179858	35	802	837	763
Wed Apr 20 15:26:44 2016	1461180404	36	801	837	763
Wed Apr 20 15:22:02 2016	1461180122	35	802	837	763
Wed Apr 20 15:17:24 2016	1461179844	36	801	837	755
Wed Apr 20 15:12:12 2016	1461179532	36	802	837	763
Wed Apr 20 15:27:07 2016	1461180427	36	802	837	758
Wed Apr 20 15:16:04 2016	1461179764	37	801	838	762
Wed Apr 20 15:17:09 2016	1461179829	36	802	838	764
Wed Apr 20 15:21:15 2016	1461180075	35	803	838	764
Wed Apr 20 15:24:22 2016	1461180262	36	803	838	764
Wed Apr 20 15:24:22 2016	1461180262	35	804	839	765
Wed Apr 20 15:26:40 2016	1461180400	35	804	839	762
Wed Apr 20 15:25:17 2016	1461180317	36	803	839	764
Wed Apr 20 15:13:24 2016	1461179604	36	803	839	764
Wed Apr 20 15:25:48 2016	1461180348	35	804	839	765
Wed Apr 20 15:16:41 2016	1461179801	36	804	839	765
Wed Apr 20 15:11:32 2016	1461179492	36	804	840	766
Wed Apr 20 15:23:39 2016	1461180219	35	804	840	766
Wed Apr 20 15:25:35 2016	1461180335	35	804	840	766
Wed Apr 20 15:13:37 2016	1461179617	35	805	840	766
Wed Apr 20 15:27:21 2016	1461180441	36	804	840	765
Wed Apr 20 15:11:32 2016	1461179492	36	805	840	766
Wed Apr 20 15:19:22 2016	1461179962	36	804	840	765
Wed Apr 20 15:13:23 2016	1461179603	35	805	840	766
Wed Apr 20 15:11:57 2016	1461179517	35	806	841	767
Wed Apr 20 15:17:51 2016	1461179871	36	805	841	766
Wed Apr 20 15:24:48 2016	1461180288	36	805	841	766
Wed Apr 20 15:14:29 2016	1461179669	35	805	841	767
Wed Apr 20 15:14:42 2016	1461179682	35	806	841	768
Wed Apr 20 15:26:31 2016	1461180391	36	805	841	766
Wed Apr 20 15:14:41 2016	1461179681	36	805	841	767
Wed Apr 20 15:22:31 2016	1461180151	35	806	841	767
Wed Apr 20 15:14:30 2016	1461179670	36	806	841	764
Wed Apr 20 15:27:06 2016	1461180426	35	806	841	767
Wed Apr 20 15:16:54 2016	1461179814	35	806	841	768
Wed Apr 20 15:17:38 2016	1461179858	36	806	842	767
Wed Apr 20 15:17:51 2016	1461179871	35	807	842	769
Wed Apr 20 15:24:48 2016	1461180288	36	807	842	768
Wed Apr 20 15:21:31 2016	1461180091	35	807	843	769
Wed Apr 20 15:25:01 2016	1461180301	36	807	843	767
Wed Apr 20 15:15:35 2016	1461179735	35	808	843	769
Wed Apr 20 15:17:51 2016	1461179871	35	808	843	769
Wed Apr 20 15:14:29 2016	1461179669	35	808	843	770
Wed Apr 20 15:23:39 2016	1461180219	36	807	843	768
Wed Apr 20 15:13:09 2016	1461179589	35	808	843	770
Wed Apr 20 15:17:51 2016	1461179871	35	808	843	769
Wed Apr 20 15:15:35 2016	1461179735	36	808	843	769
Wed Apr 20 15:16:56 2016	1461179816	35	808	844	770
Wed Apr 20 15:22:30 2016	1461180150	35	808	844	770
Wed Apr 20 15:14:17 2016	1461179657	36	808	844	770
Wed Apr 20 15:23:12 2016	1461180192	35	809	844	770
Wed Apr 20 15:18:09 2016	1461179889	35	809	844	771
Wed Apr 20 15:15:10 2016	1461179710	35	809	844	770
Wed Apr 20 15:23:39 2016	1461180219	36	808	844	769
Wed Apr 20 15:19:19 2016	1461179959	35	809	844	770
Wed Apr 20 15:11:31 2016	1461179491	35	809	845	771
Wed Apr 20 15:18:59 2016	1461179939	36	809	845	770
Wed Apr 20 15:24:35 2016	1461180275	37	808	845	769
Wed Apr 20 15:14:17 2016	1461179657	35	810	845	771
Wed Apr 20 15:19:21 2016	1461179961	35	810	845	771
Wed Apr 20 15:15:35 2016	1461179735	36	809	845	771
Wed Apr 20 15:21:30 2016	1461180090	36	809	845	770
Wed Apr 20 15:14:17 2016	1461179657	36	810	846	771
Wed Apr 20 15:14:29 2016	1461179669	36	810	846	772
Wed Apr 20 15:17:38 2016	1461179858	35	811	846	772
Wed Apr 20 15:24:22 2016	1461180262	36	811	846	772
Wed Apr 20 15:25:17 2016	1461180317	35	811	847	773
Wed Apr 20 15:24:21 2016	1461180261	36	811	847	773
Wed Apr 20 15:20:27 2016	1461180027	36	811	847	772
Wed Apr 20 15:14:17 2016	1461179657	35	812	847	772
Wed Apr 20 15:11:31 2016	1461179491	36	811	847	773
Wed Apr 20 15:15:09 2016	1461179709	36	811	847	772
Wed Apr 20 15:23:39 2016	1461180219	36	811	848	773
Wed Apr 20 15:17:39 2016	1461179859	37	811	848	772
Wed Apr 20 15:18:09 2016	1461179889	36	812	848	773
Wed Apr 20 15:11:43 2016	1461179503	35	813	848	774
Wed Apr 20 15:16:54 2016	1461179814	35	813	848	775
Wed Apr 20 15:18:09 2016	1461179889	35	813	848	774
Wed Apr 20 15:11:20 2016	1461179480	36	813	848	774
Wed Apr 20 15:22:30 2016	1461180150	35	813	848	774
Wed Apr 20 15:11:31 2016	1461179491	35	813	848	774
Wed Apr 20 15:25:01 2016	1461180301	36	813	849	774
Wed Apr 20 15:16:53 2016	1461179813	36	813	849	775
Wed Apr 20 15:11:31 2016	1461179491	35	814	849	775
Wed Apr 20 15:16:54 2016	1461179814	36	814	849	775
Wed Apr 20 15:16:54 2016	1461179814	36	814	849	775
Wed Apr 20 15:24:22 2016	1461180262	36	813	849	775
Wed Apr 20 15:16:04 2016	1461179764	36	814	850	776
Wed Apr 20 15:26:40 2016	1461180400	36	814	850	775
Wed Apr 20 15:13:09 2016	1461179589	36	814	850	776
Wed Apr 20 15:25:03 2016	1461180303	35	815	850	777
Wed Apr 20 15:18:09 2016	1461179889	35	815	851	774
Wed Apr 20 15:13:37 2016	1461179617	35	816	851	777
Wed Apr 20 15:12:53 2016	1461179573	36	815	851	777
Wed Apr 20 15:11:44 2016	1461179504	36	816	851	777
Wed Apr 20 15:15:24 2016	1461179724	36	815	851	776
Wed Apr 20 15:17:38 2016	1461179858	35	816	851	775
Wed Apr 20 15:13:51 2016	1461179631	35	816	852	778
Wed Apr 20 15:13:37 2016	1461179617	36	816	852	778
Wed Apr 20 15:12:53 2016	1461179573	35	816	852	777
Wed Apr 20 15:24:36 2016	1461180276	35	817	852	778
Wed Apr 20 15:20:04 2016	1461180004	36	816	852	777
Wed Apr 20 15:23:24 2016	1461180204	36	816	852	778
Wed Apr 20 15:26:55 2016	1461180415	36	816	852	778
Wed Apr 20 15:18:08 2016	1461179888	35	817	852	778
Wed Apr 20 15:18:09 2016	1461179889	36	816	852	777
Wed Apr 20 15:19:48 2016	1461179988	36	817	852	778
Wed Apr 20 15:26:54 2016	1461180414	36	817	853	778
Wed Apr 20 15:24:07 2016	1461180247	35	817	853	779
Wed Apr 20 15:19:22 2016	1461179962	36	817	853	778
Wed Apr 20 15:17:11 2016	1461179831	36	817	853	779
Wed Apr 20 15:18:09 2016	1461179889	36	818	853	778
Wed Apr 20 15:16:54 2016	1461179814	36	818	853	779
Wed Apr 20 15:16:54 2016	1461179814	36	818	854	779
Wed Apr 20 15:11:57 2016	1461179517	35	819	854	781
Wed Apr 20 15:25:03 2016	1461180303	36	818	854	779
Wed Apr 20 15:17:38 2016	1461179858	35	819	854	779
Wed Apr 20 15:14:56 2016	1461179696	36	818	854	780
Wed Apr 20 15:21:31 2016	1461180091	36	818	854	779
Wed Apr 20 15:23:11 2016	1461180191	35	819	854	780
Wed Apr 20 15:11:19 2016	1461179479	35	819	854	781
Wed Apr 20 15:26:54 2016	1461180414	40	814	854	775
Wed Apr 20 15:24:07 2016	1461180247	35	819	855	781
Wed Apr 20 15:20:17 2016	1461180017	35	820	855	781
Wed Apr 20 15:17:09 2016	1461179829	35	820	855	781
Wed Apr 20 15:24:07 2016	1461180247	36	820	855	781
Wed Apr 20 15:16:54 2016	1461179814	35	820	855	782
Wed Apr 20 15:16:54 2016	1461179814	36	820	856	782
Wed Apr 20 15:14:29 2016	1461179669	35	820	856	782
Wed Apr 20 15:16:54 2016	1461179814	35	821	856	783
Wed Apr 20 15:23:11 2016	1461180191	35	821	856	783
Wed Apr 20 15:11:31 2016	1461179491	36	821	856	782
Wed Apr 20 15:12:54 2016	1461179574	35	822	857	783
Wed Apr 20 15:12:53 2016	1461179573	36	822	857	783
Wed Apr 20 15:14:53 2016	1461179693	36	821	857	783
Wed Apr 20 15:26:15 2016	1461180375	35	822	857	783
Wed Apr 20 15:24:09 2016	1461180249	36	821	857	783
Wed Apr 20 15:14:54 2016	1461179694	36	822	858	783
Wed Apr 20 15:16:41 2016	1461179801	35	823	858	784
Wed Apr 20 15:23:53 2016	1461180233	35	823	858	783
Wed Apr 20 15:14:29 2016	1461179669	36	822	858	784
Wed Apr 20 15:18:59 2016	1461179939	35	823	858	784
Wed Apr 20 15:11:32 2016	1461179492	36	822	858	782
Wed Apr 20 15:24:34 2016	1461180274	36	823	858	784
Wed Apr 20 15:18:09 2016	1461179889	35	823	859	785
Wed Apr 20 15:24:21 2016	1461180261	36	823	859	784
Wed Apr 20 15:16:04 2016	1461179764	36	823	859	784
Wed Apr 20 15:18:08 2016	1461179888	35	824	859	785
Wed Apr 20 15:16:40 2016	1461179800	35	824	859	785
Wed Apr 20 15:12:41 2016	1461179561	82	776	859	703
Wed Apr 20 15:21:29 2016	1461180089	35	824	859	785
Wed Apr 20 15:11:45 2016	1461179505	36	824	859	785
Wed Apr 20 15:20:26 2016	1461180026	35	825	860	787
Wed Apr 20 15:18:08 2016	1461179888	36	824	860	785
Wed Apr 20 15:26:40 2016	1461180400	36	824	860	786
Wed Apr 20 15:25:04 2016	1461180304	36	824	860	786
Wed Apr 20 15:20:04 2016	1461180004	36	825	860	786
Wed Apr 20 15:18:08 2016	1461179888	36	825	860	786
Wed Apr 20 15:25:50 2016	1461180350	36	825	860	786
Wed Apr 20 15:27:21 2016	1461180441	36	825	861	786
Wed Apr 20 15:16:56 2016	1461179816	35	825	861	787
Wed Apr 20 15:11:57 2016	1461179517	35	826	861	787
Wed Apr 20 15:16:28 2016	1461179788	35	826	861	787
Wed Apr 20 15:23:11 2016	1461180191	36	826	861	787
Wed Apr 20 15:17:37 2016	1461179857	36	826	861	787
Wed Apr 20 15:11:44 2016	1461179504	35	826	861	788
Wed Apr 20 15:11:44 2016	1461179504	35	826	862	788
Wed Apr 20 15:24:07 2016	1461180247	36	826	862	788
Wed Apr 20 15:11:32 2016	1461179492	35	827	862	788
Wed Apr 20 15:14:53 2016	1461179693	36	827	862	788
Wed Apr 20 15:18:08 2016	1461179888	36	827	863	788
Wed Apr 20 15:14:54 2016	1461179694	35	828	863	789
Wed Apr 20 15:23:38 2016	1461180218	36	828	863	789
Wed Apr 20 15:14:41 2016	1461179681	35	828	863	790
Wed Apr 20 15:20:41 2016	1461180041	36	827	863	788
Wed Apr 20 15:19:47 2016	1461179987	36	828	863	789
Wed Apr 20 15:14:53 2016	1461179693	35	828	863	789
Wed Apr 20 15:16:56 2016	1461179816	56	807	863	769
Wed Apr 20 15:17:37 2016	1461179857	35	828	863	790
Wed Apr 20 15:14:29 2016	1461179669	35	828	864	790
Wed Apr 20 15:15:53 2016	1461179753	35	828	864	790
Wed Apr 20 15:25:49 2016	1461180349	35	829	864	790
Wed Apr 20 15:18:36 2016	1461179916	35	829	864	790
Wed Apr 20 15:21:59 2016	1461180119	36	828	864	789
Wed Apr 20 15:11:44 2016	1461179504	36	828	864	785
Wed Apr 20 15:18:09 2016	1461179889	36	829	864	790
Wed Apr 20 15:21:19 2016	1461180079	36	829	864	790
Wed Apr 20 15:22:42 2016	1461180162	36	829	864	790
Wed Apr 20 15:24:07 2016	1461180247	37	828	865	789
Wed Apr 20 15:24:07 2016	1461180247	35	829	865	791
Wed Apr 20 15:20:26 2016	1461180026	35	829	865	791
Wed Apr 20 15:14:41 2016	1461179681	35	829	865	791
Wed Apr 20 15:19:11 2016	1461179951	36	829	865	790
Wed Apr 20 15:14:41 2016	1461179681	36	829	865	791
Wed Apr 20 15:14:17 2016	1461179657	35	830	865	791
Wed Apr 20 15:16:40 2016	1461179800	35	829	865	791
Wed Apr 20 15:16:54 2016	1461179814	35	829	865	791
Wed Apr 20 15:26:14 2016	1461180374	35	830	865	791
Wed Apr 20 15:17:37 2016	1461179857	36	830	865	791
Wed Apr 20 15:11:45 2016	1461179505	36	830	865	791
Wed Apr 20 15:21:15 2016	1461180075	35	830	866	792
Wed Apr 20 15:17:38 2016	1461179858	35	830	866	791
Wed Apr 20 15:17:11 2016	1461179831	36	830	866	792
Wed Apr 20 15:17:37 2016	1461179857	35	830	866	792
Wed Apr 20 15:24:34 2016	1461180274	40	826	866	787
Wed Apr 20 15:15:22 2016	1461179722	35	831	866	792
Wed Apr 20 15:17:38 2016	1461179858	35	831	867	793
Wed Apr 20 15:14:54 2016	1461179694	36	831	867	792
Wed Apr 20 15:23:55 2016	1461180235	37	830	867	792
Wed Apr 20 15:26:15 2016	1461180375	35	832	867	793
Wed Apr 20 15:27:21 2016	1461180441	35	832	867	793
Wed Apr 20 15:16:54 2016	1461179814	35	832	867	793
Wed Apr 20 15:15:22 2016	1461179722	36	832	867	793
Wed Apr 20 15:21:17 2016	1461180077	36	832	867	793
Wed Apr 20 15:21:17 2016	1461180077	36	832	868	793
Wed Apr 20 15:11:58 2016	1461179518	35	832	868	794
Wed Apr 20 15:12:53 2016	1461179573	35	833	868	794
Wed Apr 20 15:18:08 2016	1461179888	36	833	868	794
Wed Apr 20 15:26:14 2016	1461180374	35	833	868	795
Wed Apr 20 15:14:41 2016	1461179681	35	833	868	795
Wed Apr 20 15:22:16 2016	1461180136	36	833	869	794
Wed Apr 20 15:25:49 2016	1461180349	35	834	869	795
Wed Apr 20 15:16:16 2016	1461179776	36	834	869	795
Wed Apr 20 15:12:41 2016	1461179561	84	785	869	722
Wed Apr 20 15:14:17 2016	1461179657	37	833	869	794
Wed Apr 20 15:25:50 2016	1461180350	35	834	870	796
Wed Apr 20 15:21:04 2016	1461180064	36	834	870	796
Wed Apr 20 15:21:30 2016	1461180090	36	834	870	795
Wed Apr 20 15:14:41 2016	1461179681	36	834	870	795
Wed Apr 20 15:14:03 2016	1461179643	35	834	870	796
Wed Apr 20 15:21:29 2016	1461180089	35	834	870	796
Wed Apr 20 15:14:41 2016	1461179681	36	834	870	796
Wed Apr 20 15:13:37 2016	1461179617	35	835	870	796
Wed Apr 20 15:25:50 2016	1461180350	36	834	870	796
Wed Apr 20 15:24:34 2016	1461180274	35	835	871	797
Wed Apr 20 15:25:01 2016	1461180301	35	836	871	797
Wed Apr 20 15:25:18 2016	1461180318	35	836	871	798
Wed Apr 20 15:25:50 2016	1461180350	35	836	871	798
Wed Apr 20 15:11:57 2016	1461179517	36	836	872	797
Wed Apr 20 15:11:44 2016	1461179504	35	836	872	797
Wed Apr 20 15:12:41 2016	1461179561	85	787	872	723
Wed Apr 20 15:24:07 2016	1461180247	36	836	872	797
Wed Apr 20 15:15:09 2016	1461179709	35	837	872	798
Wed Apr 20 15:22:30 2016	1461180150	35	837	872	798
Wed Apr 20 15:12:54 2016	1461179574	36	837	872	798
Wed Apr 20 15:25:04 2016	1461180304	35	837	873	799
Wed Apr 20 15:24:36 2016	1461180276	36	837	873	798
Wed Apr 20 15:12:54 2016	1461179574	35	837	873	799
Wed Apr 20 15:22:16 2016	1461180136	36	837	873	799
Wed Apr 20 15:11:57 2016	1461179517	36	838	873	797
Wed Apr 20 15:22:16 2016	1461180136	36	837	874	798
Wed Apr 20 15:12:41 2016	1461179561	86	788	874	708
Wed Apr 20 15:11:56 2016	1461179516	36	838	874	799
Wed Apr 20 15:18:59 2016	1461179939	42	832	874	794
Wed Apr 20 15:25:17 2016	1461180317	35	839	874	801
Wed Apr 20 15:11:44 2016	1461179504	36	838	875	799
Wed Apr 20 15:13:23 2016	1461179603	35	840	875	801
Wed Apr 20 15:21:15 2016	1461180075	36	839	875	800
Wed Apr 20 15:14:17 2016	1461179657	38	837	875	798
Wed Apr 20 15:26:14 2016	1461180374	35	840	875	801
Wed Apr 20 15:16:16 2016	1461179776	36	840	875	801
Wed Apr 20 15:11:44 2016	1461179504	35	840	875	801
Wed Apr 20 15:25:01 2016	1461180301	35	840	875	802
Wed Apr 20 15:14:29 2016	1461179669	35	840	875	802
Wed Apr 20 15:16:16 2016	1461179776	35	840	875	802
Wed Apr 20 15:21:17 2016	1461180077	35	840	875	801
Wed Apr 20 15:12:12 2016	1461179532	36	840	876	802
Wed Apr 20 15:18:08 2016	1461179888	35	840	876	802
Wed Apr 20 15:25:00 2016	1461180300	35	840	876	802
Wed Apr 20 15:12:56 2016	1461179576	36	840	876	802
Wed Apr 20 15:23:52 2016	1461180232	36	840	876	802
Wed Apr 20 15:12:54 2016	1461179574	35	841	876	802
Wed Apr 20 15:16:40 2016	1461179800	36	841	877	802
Wed Apr 20 15:11:44 2016	1461179504	36	841	877	802
Wed Apr 20 15:14:41 2016	1461179681	36	841	877	802
Wed Apr 20 15:11:44 2016	1461179504	35	842	877	803
Wed Apr 20 15:16:40 2016	1461179800	35	842	877	803
Wed Apr 20 15:14:53 2016	1461179693	35	842	877	803
Wed Apr 20 15:11:44 2016	1461179504	36	842	878	804
Wed Apr 20 15:13:51 2016	1461179631	36	843	878	804
Wed Apr 20 15:14:54 2016	1461179694	36	842	878	804
Wed Apr 20 15:16:40 2016	1461179800	36	843	879	805
Wed Apr 20 15:19:21 2016	1461179961	35	843	879	805
Wed Apr 20 15:19:34 2016	1461179974	36	843	879	804
Wed Apr 20 15:24:20 2016	1461180260	36	844	880	804
Wed Apr 20 15:23:24 2016	1461180204	36	844	880	805
Wed Apr 20 15:16:29 2016	1461179789	36	844	880	806
Wed Apr 20 15:23:52 2016	1461180232	36	844	880	805
Wed Apr 20 15:12:10 2016	1461179530	36	844	880	805
Wed Apr 20 15:11:57 2016	1461179517	36	845	880	801
Wed Apr 20 15:11:56 2016	1461179516	36	845	880	806
Wed Apr 20 15:12:54 2016	1461179574	36	845	880	806
Wed Apr 20 15:23:41 2016	1461180221	35	846	881	807
Wed Apr 20 15:25:00 2016	1461180300	36	845	881	807
Wed Apr 20 15:25:17 2016	1461180317	36	846	881	807
Wed Apr 20 15:24:22 2016	1461180262	35	846	882	808
Wed Apr 20 15:20:00 2016	1461180000	35	846	882	807
Wed Apr 20 15:20:00 2016	1461180000	36	846	882	807
Wed Apr 20 15:16:40 2016	1461179800	36	846	882	806
Wed Apr 20 15:16:40 2016	1461179800	36	846	882	807
Wed Apr 20 15:18:08 2016	1461179888	35	847	882	803
Wed Apr 20 15:16:55 2016	1461179815	35	847	882	808
Wed Apr 20 15:19:37 2016	1461179977	35	847	882	809
Wed Apr 20 15:11:19 2016	1461179479	35	847	882	809
Wed Apr 20 15:11:57 2016	1461179517	35	847	883	809
Wed Apr 20 15:25:02 2016	1461180302	35	847	883	809
Wed Apr 20 15:11:32 2016	1461179492	35	847	883	803
Wed Apr 20 15:22:31 2016	1461180151	36	847	883	809
Wed Apr 20 15:26:14 2016	1461180374	36	848	883	809
Wed Apr 20 15:14:06 2016	1461179646	36	847	883	809
Wed Apr 20 15:18:36 2016	1461179916	35	848	883	809
Wed Apr 20 15:11:44 2016	1461179504	36	848	883	809
Wed Apr 20 15:23:52 2016	1461180232	35	848	883	809
Wed Apr 20 15:16:16 2016	1461179776	36	848	884	809
Wed Apr 20 15:16:16 2016	1461179776	36	848	884	809
Wed Apr 20 15:11:56 2016	1461179516	36	849	884	805
Wed Apr 20 15:11:56 2016	1461179516	35	849	885	811
Wed Apr 20 15:14:41 2016	1461179681	36	849	885	810
Wed Apr 20 15:14:53 2016	1461179693	35	850	885	811
Wed Apr 20 15:13:09 2016	1461179589	36	849	885	811
Wed Apr 20 15:19:24 2016	1461179964	36	849	885	810
Wed Apr 20 15:21:59 2016	1461180119	35	850	885	811
Wed Apr 20 15:14:41 2016	1461179681	35	850	885	811
Wed Apr 20 15:22:45 2016	1461180165	35	850	885	811
Wed Apr 20 15:11:32 2016	1461179492	36	850	885	811
Wed Apr 20 15:27:05 2016	1461180425	35	850	886	812
Wed Apr 20 15:11:43 2016	1461179503	35	850	886	812
Wed Apr 20 15:23:52 2016	1461180232	35	851	886	812
Wed Apr 20 15:11:56 2016	1461179516	36	850	886	811
Wed Apr 20 15:14:41 2016	1461179681	35	851	887	813
Wed Apr 20 15:16:40 2016	1461179800	35	852	887	814
Wed Apr 20 15:12:56 2016	1461179576	36	852	888	813
Wed Apr 20 15:16:29 2016	1461179789	35	852	888	814
Wed Apr 20 15:12:55 2016	1461179575	36	852	888	817
Wed Apr 20 15:22:31 2016	1461180151	36	852	888	814
Wed Apr 20 15:15:21 2016	1461179721	36	853	889	814
Wed Apr 20 15:14:41 2016	1461179681	35	853	889	815
Wed Apr 20 15:13:24 2016	1461179604	36	853	889	814
Wed Apr 20 15:11:56 2016	1461179516	35	854	889	815
Wed Apr 20 15:26:54 2016	1461180414	35	854	889	815
Wed Apr 20 15:14:41 2016	1461179681	35	854	889	816
Wed Apr 20 15:18:08 2016	1461179888	36	853	889	815
Wed Apr 20 15:14:03 2016	1461179643	36	854	889	815
Wed Apr 20 15:21:30 2016	1461180090	35	855	890	817
Wed Apr 20 15:17:09 2016	1461179829	35	855	890	816
Wed Apr 20 15:16:55 2016	1461179815	36	855	891	816
Wed Apr 20 15:21:15 2016	1461180075	36	855	891	816
Wed Apr 20 15:12:54 2016	1461179574	35	856	891	817
Wed Apr 20 15:23:51 2016	1461180231	35	856	891	818
Wed Apr 20 15:21:59 2016	1461180119	35	856	891	818
Wed Apr 20 15:16:29 2016	1461179789	36	856	892	817
Wed Apr 20 15:25:19 2016	1461180319	36	856	892	818
Wed Apr 20 15:23:51 2016	1461180231	36	856	892	817
Wed Apr 20 15:21:30 2016	1461180090	36	856	892	818
Wed Apr 20 15:25:01 2016	1461180301	36	856	892	817
Wed Apr 20 15:20:29 2016	1461180029	36	856	892	817
Wed Apr 20 15:12:25 2016	1461179545	35	857	892	818
Wed Apr 20 15:16:28 2016	1461179788	36	857	893	817
Wed Apr 20 15:22:57 2016	1461180177	35	857	893	819
Wed Apr 20 15:17:38 2016	1461179858	35	858	893	819
Wed Apr 20 15:11:44 2016	1461179504	36	858	893	819
Wed Apr 20 15:11:44 2016	1461179504	35	858	894	820
Wed Apr 20 15:13:08 2016	1461179588	35	859	895	820
Wed Apr 20 15:21:46 2016	1461180106	35	860	895	816
Wed Apr 20 15:16:15 2016	1461179775	35	859	895	821
Wed Apr 20 15:23:52 2016	1461180232	36	859	895	821
Wed Apr 20 15:23:41 2016	1461180221	35	860	895	821
Wed Apr 20 15:23:38 2016	1461180218	35	860	896	822
Wed Apr 20 15:25:00 2016	1461180300	36	861	896	816
Wed Apr 20 15:11:32 2016	1461179492	38	858	896	819
Wed Apr 20 15:12:09 2016	1461179529	35	861	896	823
Wed Apr 20 15:19:47 2016	1461179987	35	861	896	823
Wed Apr 20 15:22:31 2016	1461180151	36	861	897	810
Wed Apr 20 15:16:16 2016	1461179776	35	863	898	824
Wed Apr 20 15:22:31 2016	1461180151	35	863	898	825
Wed Apr 20 15:19:47 2016	1461179987	36	863	898	824
Wed Apr 20 15:26:52 2016	1461180412	36	862	898	824
Wed Apr 20 15:25:19 2016	1461180319	35	864	899	817
Wed Apr 20 15:21:30 2016	1461180090	36	863	899	825
Wed Apr 20 15:18:21 2016	1461179901	36	863	899	824
Wed Apr 20 15:16:29 2016	1461179789	35	864	899	826
Wed Apr 20 15:11:57 2016	1461179517	36	864	900	825
Wed Apr 20 15:25:34 2016	1461180334	36	864	900	825
Wed Apr 20 15:20:17 2016	1461180017	35	864	900	826
Wed Apr 20 15:12:09 2016	1461179529	36	864	900	825
Wed Apr 20 15:11:44 2016	1461179504	35	865	901	827
Wed Apr 20 15:13:07 2016	1461179587	36	865	901	827
Wed Apr 20 15:23:11 2016	1461180191	36	865	901	826
Wed Apr 20 15:13:08 2016	1461179588	35	866	901	826
Wed Apr 20 15:17:38 2016	1461179858	35	866	901	827
Wed Apr 20 15:25:16 2016	1461180316	35	866	901	821
Wed Apr 20 15:13:07 2016	1461179587	35	866	901	828
Wed Apr 20 15:13:08 2016	1461179588	35	866	902	819
Wed Apr 20 15:22:31 2016	1461180151	36	866	902	827
Wed Apr 20 15:11:56 2016	1461179516	36	867	902	828
Wed Apr 20 15:27:21 2016	1461180441	36	867	903	828
Wed Apr 20 15:21:30 2016	1461180090	35	867	903	829
Wed Apr 20 15:14:28 2016	1461179668	36	867	903	829
Wed Apr 20 15:11:32 2016	1461179492	35	868	903	829
Wed Apr 20 15:12:10 2016	1461179530	36	868	903	829
Wed Apr 20 15:16:16 2016	1461179776	35	868	904	830
Wed Apr 20 15:25:18 2016	1461180318	35	869	904	830
Wed Apr 20 15:26:28 2016	1461180388	35	869	904	830
Wed Apr 20 15:23:52 2016	1461180232	36	869	904	830
Wed Apr 20 15:18:08 2016	1461179888	35	869	905	831
Wed Apr 20 15:12:09 2016	1461179529	35	870	905	829
Wed Apr 20 15:12:10 2016	1461179530	36	870	905	831
Wed Apr 20 15:19:21 2016	1461179961	35	871	906	832
Wed Apr 20 15:11:56 2016	1461179516	36	871	906	832
Wed Apr 20 15:13:24 2016	1461179604	36	871	907	832
Wed Apr 20 15:25:16 2016	1461180316	35	871	907	833
Wed Apr 20 15:26:05 2016	1461180365	36	871	907	832
Wed Apr 20 15:13:24 2016	1461179604	35	871	907	833
Wed Apr 20 15:16:15 2016	1461179775	35	873	908	834
Wed Apr 20 15:18:07 2016	1461179887	36	872	908	833
Wed Apr 20 15:21:30 2016	1461180090	35	873	908	834
Wed Apr 20 15:16:16 2016	1461179776	35	873	908	834
Wed Apr 20 15:11:56 2016	1461179516	36	872	908	833
Wed Apr 20 15:14:16 2016	1461179656	35	873	908	835
Wed Apr 20 15:15:09 2016	1461179709	36	873	909	835
Wed Apr 20 15:13:24 2016	1461179604	36	873	909	835
Wed Apr 20 15:22:31 2016	1461180151	35	874	909	835
Wed Apr 20 15:21:30 2016	1461180090	36	874	909	835
Wed Apr 20 15:16:15 2016	1461179775	36	874	910	835
Wed Apr 20 15:23:52 2016	1461180232	36	874	910	834
Wed Apr 20 15:23:52 2016	1461180232	35	874	910	836
Wed Apr 20 15:18:07 2016	1461179887	35	875	910	836
Wed Apr 20 15:12:56 2016	1461179576	35	875	910	836
Wed Apr 20 15:16:28 2016	1461179788	35	875	910	836
Wed Apr 20 15:21:30 2016	1461180090	35	875	910	836
Wed Apr 20 15:25:18 2016	1461180318	36	875	910	836
Wed Apr 20 15:14:28 2016	1461179668	36	875	911	837
Wed Apr 20 15:25:18 2016	1461180318	35	875	911	837
Wed Apr 20 15:16:29 2016	1461179789	36	876	911	837
Wed Apr 20 15:12:55 2016	1461179575	36	875	911	837
Wed Apr 20 15:18:08 2016	1461179888	36	876	911	837
Wed Apr 20 15:16:29 2016	1461179789	36	876	912	837
Wed Apr 20 15:12:25 2016	1461179545	35	876	912	838
Wed Apr 20 15:11:56 2016	1461179516	36	876	912	837
Wed Apr 20 15:26:31 2016	1461180391	35	877	912	838
Wed Apr 20 15:16:15 2016	1461179775	36	876	912	833
Wed Apr 20 15:16:28 2016	1461179788	35	877	912	839
Wed Apr 20 15:13:09 2016	1461179589	35	877	912	839
Wed Apr 20 15:11:32 2016	1461179492	35	877	912	838
Wed Apr 20 15:12:10 2016	1461179530	35	877	912	839
Wed Apr 20 15:14:03 2016	1461179643	35	877	912	837
Wed Apr 20 15:27:21 2016	1461180441	35	877	913	839
Wed Apr 20 15:17:26 2016	1461179846	36	877	913	839
Wed Apr 20 15:20:53 2016	1461180053	36	877	913	838
Wed Apr 20 15:16:55 2016	1461179815	35	878	913	839
Wed Apr 20 15:23:38 2016	1461180218	36	877	913	839
Wed Apr 20 15:13:50 2016	1461179630	39	874	914	836
Wed Apr 20 15:14:05 2016	1461179645	35	879	914	840
Wed Apr 20 15:16:28 2016	1461179788	36	878	914	839
Wed Apr 20 15:14:53 2016	1461179693	36	878	914	840
Wed Apr 20 15:14:43 2016	1461179683	35	879	915	841
Wed Apr 20 15:23:41 2016	1461180221	35	879	915	841
Wed Apr 20 15:21:16 2016	1461180076	36	879	915	840
Wed Apr 20 15:11:19 2016	1461179479	36	879	915	840
Wed Apr 20 15:19:24 2016	1461179964	35	880	915	842
Wed Apr 20 15:13:08 2016	1461179588	36	880	916	841
Wed Apr 20 15:24:05 2016	1461180245	35	880	916	842
Wed Apr 20 15:24:24 2016	1461180264	36	880	916	842
Wed Apr 20 15:27:21 2016	1461180441	36	880	916	842
Wed Apr 20 15:17:38 2016	1461179858	39	877	916	837
Wed Apr 20 15:11:46 2016	1461179506	35	881	916	842
Wed Apr 20 15:26:31 2016	1461180391	35	881	916	842
Wed Apr 20 15:25:02 2016	1461180302	35	881	916	843
Wed Apr 20 15:19:21 2016	1461179961	36	881	917	842
Wed Apr 20 15:16:28 2016	1461179788	36	881	917	842
Wed Apr 20 15:21:59 2016	1461180119	36	880	917	842
Wed Apr 20 15:12:10 2016	1461179530	36	881	917	837
Wed Apr 20 15:26:28 2016	1461180388	35	882	917	843
Wed Apr 20 15:21:15 2016	1461180075	35	882	917	844
Wed Apr 20 15:17:38 2016	1461179858	37	881	918	837
Wed Apr 20 15:22:31 2016	1461180151	36	882	918	843
Wed Apr 20 15:19:47 2016	1461179987	36	882	918	843
Wed Apr 20 15:13:08 2016	1461179588	36	882	918	843
Wed Apr 20 15:25:16 2016	1461180316	35	883	918	844
Wed Apr 20 15:12:10 2016	1461179530	36	882	918	843
Wed Apr 20 15:14:54 2016	1461179694	36	882	918	843
Wed Apr 20 15:14:19 2016	1461179659	36	883	919	844
Wed Apr 20 15:16:28 2016	1461179788	36	884	919	845
Wed Apr 20 15:23:51 2016	1461180231	36	884	919	845
Wed Apr 20 15:26:14 2016	1461180374	35	884	920	846
Wed Apr 20 15:22:31 2016	1461180151	36	884	920	845
Wed Apr 20 15:24:47 2016	1461180287	35	885	920	846
Wed Apr 20 15:11:19 2016	1461179479	36	885	920	846
Wed Apr 20 15:25:16 2016	1461180316	35	885	920	846
Wed Apr 20 15:12:54 2016	1461179574	35	885	921	847
Wed Apr 20 15:14:03 2016	1461179643	37	885	922	846
Wed Apr 20 15:26:55 2016	1461180415	35	887	922	848
Wed Apr 20 15:25:48 2016	1461180348	36	887	923	849
Wed Apr 20 15:16:43 2016	1461179803	35	887	923	849
Wed Apr 20 15:27:06 2016	1461180426	35	887	923	849
Wed Apr 20 15:24:24 2016	1461180264	36	887	923	848
Wed Apr 20 15:14:03 2016	1461179643	35	888	924	848
Wed Apr 20 15:26:14 2016	1461180374	35	888	924	850
Wed Apr 20 15:15:21 2016	1461179721	36	888	924	849
Wed Apr 20 15:22:31 2016	1461180151	36	888	924	850
Wed Apr 20 15:23:55 2016	1461180235	35	889	924	851
Wed Apr 20 15:21:16 2016	1461180076	36	889	924	850
Wed Apr 20 15:18:07 2016	1461179887	36	889	924	850
Wed Apr 20 15:19:47 2016	1461179987	36	889	925	850
Wed Apr 20 15:12:10 2016	1461179530	37	889	926	851
Wed Apr 20 15:12:41 2016	1461179561	84	841	926	763
Wed Apr 20 15:26:01 2016	1461180361	36	890	926	851
Wed Apr 20 15:14:53 2016	1461179693	36	891	926	852
Wed Apr 20 15:23:53 2016	1461180233	37	890	927	851
Wed Apr 20 15:13:08 2016	1461179588	35	892	927	852
Wed Apr 20 15:19:47 2016	1461179987	36	892	927	848
Wed Apr 20 15:17:38 2016	1461179858	35	892	927	852
Wed Apr 20 15:13:07 2016	1461179587	36	892	928	853
Wed Apr 20 15:14:53 2016	1461179693	36	892	928	853
Wed Apr 20 15:15:09 2016	1461179709	36	892	928	854
Wed Apr 20 15:17:09 2016	1461179829	35	893	928	854
Wed Apr 20 15:13:37 2016	1461179617	36	892	928	854
Wed Apr 20 15:12:09 2016	1461179529	35	893	928	854
Wed Apr 20 15:14:40 2016	1461179680	35	893	928	855
Wed Apr 20 15:26:40 2016	1461180400	36	893	928	854
Wed Apr 20 15:23:52 2016	1461180232	36	893	929	855
Wed Apr 20 15:11:32 2016	1461179492	35	894	929	855
Wed Apr 20 15:19:22 2016	1461179962	36	893	929	854
Wed Apr 20 15:12:25 2016	1461179545	36	893	929	855
Wed Apr 20 15:15:51 2016	1461179751	36	893	929	854
Wed Apr 20 15:27:06 2016	1461180426	36	894	929	854
Wed Apr 20 15:22:15 2016	1461180135	36	894	929	855
Wed Apr 20 15:18:07 2016	1461179887	35	894	929	855
Wed Apr 20 15:11:46 2016	1461179506	35	895	930	857
Wed Apr 20 15:12:09 2016	1461179529	36	895	931	857
Wed Apr 20 15:27:06 2016	1461180426	36	895	931	857
Wed Apr 20 15:13:10 2016	1461179590	36	895	931	857
Wed Apr 20 15:23:51 2016	1461180231	36	896	931	857
Wed Apr 20 15:21:15 2016	1461180075	36	895	931	857
Wed Apr 20 15:21:29 2016	1461180089	35	896	931	857
Wed Apr 20 15:19:47 2016	1461179987	36	896	932	857
Wed Apr 20 15:12:55 2016	1461179575	37	895	932	856
Wed Apr 20 15:23:52 2016	1461180232	35	897	932	858
Wed Apr 20 15:12:25 2016	1461179545	35	897	932	859
Wed Apr 20 15:22:53 2016	1461180173	36	896	932	858
Wed Apr 20 15:11:19 2016	1461179479	35	897	933	859
Wed Apr 20 15:12:54 2016	1461179574	35	897	933	859
Wed Apr 20 15:12:25 2016	1461179545	36	898	933	859
Wed Apr 20 15:21:15 2016	1461180075	36	898	934	859
Wed Apr 20 15:16:55 2016	1461179815	36	897	934	859
Wed Apr 20 15:27:09 2016	1461180429	35	898	934	860
Wed Apr 20 15:25:16 2016	1461180316	36	898	934	859
Wed Apr 20 15:16:55 2016	1461179815	35	898	934	860
Wed Apr 20 15:12:54 2016	1461179574	36	898	934	860
Wed Apr 20 15:14:53 2016	1461179693	35	900	935	861
Wed Apr 20 15:15:38 2016	1461179738	36	899	935	861
Wed Apr 20 15:18:07 2016	1461179887	36	900	935	861
Wed Apr 20 15:11:59 2016	1461179519	36	900	936	862
Wed Apr 20 15:12:55 2016	1461179575	37	899	936	861
Wed Apr 20 15:16:29 2016	1461179789	36	900	936	862
Wed Apr 20 15:25:03 2016	1461180303	35	901	937	863
Wed Apr 20 15:12:25 2016	1461179545	35	901	937	863
Wed Apr 20 15:12:25 2016	1461179545	35	901	937	863
Wed Apr 20 15:22:53 2016	1461180173	36	901	937	863
Wed Apr 20 15:16:53 2016	1461179813	36	901	937	863
Wed Apr 20 15:17:11 2016	1461179831	35	902	937	863
Wed Apr 20 15:16:28 2016	1461179788	35	902	937	864
Wed Apr 20 15:16:02 2016	1461179762	39	898	937	857
Wed Apr 20 15:25:17 2016	1461180317	36	902	938	864
Wed Apr 20 15:25:16 2016	1461180316	35	902	938	864
Wed Apr 20 15:12:09 2016	1461179529	36	902	938	864
Wed Apr 20 15:12:54 2016	1461179574	35	904	939	865
Wed Apr 20 15:14:04 2016	1461179644	35	903	939	865
Wed Apr 20 15:12:54 2016	1461179574	36	903	939	865
Wed Apr 20 15:14:53 2016	1461179693	35	904	939	864
Wed Apr 20 15:18:10 2016	1461179890	35	904	939	853
Wed Apr 20 15:18:07 2016	1461179887	36	904	939	865
Wed Apr 20 15:12:09 2016	1461179529	36	905	940	866
Wed Apr 20 15:22:16 2016	1461180136	36	905	941	866
Wed Apr 20 15:26:52 2016	1461180412	36	905	941	866
Wed Apr 20 15:12:25 2016	1461179545	36	905	941	867
Wed Apr 20 15:25:17 2016	1461180317	36	905	941	866
Wed Apr 20 15:12:09 2016	1461179529	36	906	942	867
Wed Apr 20 15:13:08 2016	1461179588	37	905	942	866
Wed Apr 20 15:22:16 2016	1461180136	36	906	942	867
Wed Apr 20 15:16:55 2016	1461179815	35	907	942	867
Wed Apr 20 15:22:16 2016	1461180136	35	908	943	869
Wed Apr 20 15:24:37 2016	1461180277	35	908	943	869
Wed Apr 20 15:18:59 2016	1461179939	35	908	943	869
Wed Apr 20 15:12:09 2016	1461179529	35	908	943	869
Wed Apr 20 15:22:16 2016	1461180136	36	908	943	869
Wed Apr 20 15:14:40 2016	1461179680	37	907	944	868
Wed Apr 20 15:13:08 2016	1461179588	36	908	944	869
Wed Apr 20 15:12:25 2016	1461179545	35	909	944	870
Wed Apr 20 15:22:30 2016	1461180150	36	908	944	869
Wed Apr 20 15:21:16 2016	1461180076	36	908	944	869
Wed Apr 20 15:24:50 2016	1461180290	35	909	945	871
Wed Apr 20 15:25:36 2016	1461180336	35	909	945	871
Wed Apr 20 15:16:28 2016	1461179788	35	910	945	871
Wed Apr 20 15:12:42 2016	1461179562	69	876	945	816
Wed Apr 20 15:16:56 2016	1461179816	35	910	945	871
Wed Apr 20 15:24:09 2016	1461180249	36	910	945	871
Wed Apr 20 15:26:28 2016	1461180388	35	910	945	872
Wed Apr 20 15:19:47 2016	1461179987	37	910	947	871
Wed Apr 20 15:13:37 2016	1461179617	35	912	947	873
Wed Apr 20 15:12:09 2016	1461179529	35	912	947	873
Wed Apr 20 15:22:16 2016	1461180136	36	912	948	873
Wed Apr 20 15:25:18 2016	1461180318	36	912	948	874
Wed Apr 20 15:27:09 2016	1461180429	35	913	949	875
Wed Apr 20 15:13:50 2016	1461179630	36	913	949	873
Wed Apr 20 15:22:31 2016	1461180151	35	913	949	875
Wed Apr 20 15:24:47 2016	1461180287	35	914	949	875
Wed Apr 20 15:12:42 2016	1461179562	61	889	950	830
Wed Apr 20 15:12:40 2016	1461179560	85	866	950	792
Wed Apr 20 15:12:42 2016	1461179562	61	889	950	832
Wed Apr 20 15:19:47 2016	1461179987	38	913	951	874
Wed Apr 20 15:16:28 2016	1461179788	35	916	951	877
Wed Apr 20 15:16:02 2016	1461179762	40	911	951	867
Wed Apr 20 15:25:03 2016	1461180303	35	916	951	877
Wed Apr 20 15:16:55 2016	1461179815	35	916	952	878
Wed Apr 20 15:18:21 2016	1461179901	35	916	952	878
Wed Apr 20 15:16:55 2016	1461179815	35	917	952	878
Wed Apr 20 15:22:45 2016	1461180165	35	917	952	878
Wed Apr 20 15:23:38 2016	1461180218	36	917	953	877
Wed Apr 20 15:23:52 2016	1461180232	35	918	953	879
Wed Apr 20 15:18:36 2016	1461179916	36	917	953	878
Wed Apr 20 15:22:16 2016	1461180136	35	918	954	880
Wed Apr 20 15:18:44 2016	1461179924	36	918	954	879
Wed Apr 20 15:14:04 2016	1461179644	36	918	954	879
Wed Apr 20 15:15:08 2016	1461179708	37	917	954	879
Wed Apr 20 15:18:33 2016	1461179913	37	917	954	879
Wed Apr 20 15:21:29 2016	1461180089	36	919	954	880
Wed Apr 20 15:13:08 2016	1461179588	36	919	955	881
Wed Apr 20 15:15:51 2016	1461179751	36	920	955	881
Wed Apr 20 15:11:46 2016	1461179506	36	920	956	882
Wed Apr 20 15:24:47 2016	1461180287	36	920	956	882
Wed Apr 20 15:19:22 2016	1461179962	36	921	956	882
Wed Apr 20 15:13:08 2016	1461179588	40	916	956	878
Wed Apr 20 15:16:03 2016	1461179763	42	914	956	875
Wed Apr 20 15:19:50 2016	1461179990	36	921	957	883
Wed Apr 20 15:13:23 2016	1461179603	35	922	957	883
Wed Apr 20 15:11:33 2016	1461179493	35	922	957	884
Wed Apr 20 15:21:16 2016	1461180076	35	922	958	884
Wed Apr 20 15:13:21 2016	1461179601	35	923	958	883
Wed Apr 20 15:20:41 2016	1461180041	35	924	959	885
Wed Apr 20 15:12:10 2016	1461179530	35	924	960	886
Wed Apr 20 15:13:21 2016	1461179601	35	924	960	881
Wed Apr 20 15:14:16 2016	1461179656	36	924	960	886
Wed Apr 20 15:13:07 2016	1461179587	35	925	960	886
Wed Apr 20 15:27:06 2016	1461180426	36	924	960	886
Wed Apr 20 15:16:55 2016	1461179815	36	924	960	885
Wed Apr 20 15:25:52 2016	1461180352	35	925	960	886
Wed Apr 20 15:23:11 2016	1461180191	35	925	961	887
Wed Apr 20 15:16:56 2016	1461179816	35	926	961	888
Wed Apr 20 15:16:55 2016	1461179815	35	926	961	888
Wed Apr 20 15:16:03 2016	1461179763	42	919	962	881
Wed Apr 20 15:20:41 2016	1461180041	35	927	962	889
Wed Apr 20 15:23:13 2016	1461180193	35	927	963	889
Wed Apr 20 15:23:53 2016	1461180233	36	928	963	889
Wed Apr 20 15:21:16 2016	1461180076	36	927	963	888
Wed Apr 20 15:12:24 2016	1461179544	36	928	963	889
Wed Apr 20 15:22:15 2016	1461180135	35	928	963	890
Wed Apr 20 15:27:20 2016	1461180440	36	927	963	889
Wed Apr 20 15:20:17 2016	1461180017	35	928	964	890
Wed Apr 20 15:13:37 2016	1461179617	36	928	964	890
Wed Apr 20 15:21:46 2016	1461180106	36	928	964	889
Wed Apr 20 15:24:05 2016	1461180245	36	928	964	890
Wed Apr 20 15:14:03 2016	1461179643	38	927	965	888
Wed Apr 20 15:19:07 2016	1461179947	35	930	965	891
Wed Apr 20 15:17:41 2016	1461179861	35	930	966	892
Wed Apr 20 15:21:59 2016	1461180119	36	930	966	891
Wed Apr 20 15:19:11 2016	1461179951	35	931	966	892
Wed Apr 20 15:17:09 2016	1461179829	36	931	967	892
Wed Apr 20 15:27:19 2016	1461180439	36	931	967	893
Wed Apr 20 15:21:29 2016	1461180089	36	931	967	893
Wed Apr 20 15:27:20 2016	1461180440	36	931	967	892
Wed Apr 20 15:23:53 2016	1461180233	36	932	968	893
Wed Apr 20 15:11:19 2016	1461179479	35	933	968	895
Wed Apr 20 15:23:51 2016	1461180231	36	932	968	894
Wed Apr 20 15:21:29 2016	1461180089	36	932	969	894
Wed Apr 20 15:12:25 2016	1461179545	36	934	970	893
Wed Apr 20 15:16:03 2016	1461179763	42	928	970	890
Wed Apr 20 15:12:10 2016	1461179530	36	935	970	896
Wed Apr 20 15:16:55 2016	1461179815	36	935	971	896
Wed Apr 20 15:25:00 2016	1461180300	36	936	971	897
Wed Apr 20 15:16:53 2016	1461179813	36	936	972	897
Wed Apr 20 15:26:40 2016	1461180400	35	937	972	898
Wed Apr 20 15:25:04 2016	1461180304	36	937	973	898
Wed Apr 20 15:27:06 2016	1461180426	35	938	973	899
Wed Apr 20 15:22:19 2016	1461180139	35	938	973	899
Wed Apr 20 15:21:16 2016	1461180076	36	937	974	899
Wed Apr 20 15:23:53 2016	1461180233	35	939	974	900
Wed Apr 20 15:22:16 2016	1461180136	37	938	975	899
Wed Apr 20 15:12:12 2016	1461179532	35	939	975	901
Wed Apr 20 15:16:53 2016	1461179813	36	939	975	901
Wed Apr 20 15:22:16 2016	1461180136	36	939	975	901
Wed Apr 20 15:13:22 2016	1461179602	36	939	975	900
Wed Apr 20 15:13:21 2016	1461179601	36	940	976	901
Wed Apr 20 15:19:11 2016	1461179951	35	941	976	903
Wed Apr 20 15:13:22 2016	1461179602	37	941	978	902
Wed Apr 20 15:27:20 2016	1461180440	35	943	978	905
Wed Apr 20 15:26:01 2016	1461180361	35	943	979	904
Wed Apr 20 15:15:50 2016	1461179750	36	943	979	904
Wed Apr 20 15:19:24 2016	1461179964	35	944	979	906
Wed Apr 20 15:13:21 2016	1461179601	38	942	979	903
Wed Apr 20 15:16:27 2016	1461179787	35	945	980	906
Wed Apr 20 15:16:03 2016	1461179763	38	942	980	904
Wed Apr 20 15:27:06 2016	1461180426	35	945	980	906
Wed Apr 20 15:18:25 2016	1461179905	37	943	980	905
Wed Apr 20 15:21:49 2016	1461180109	35	946	981	908
Wed Apr 20 15:27:19 2016	1461180439	35	946	982	908
Wed Apr 20 15:12:10 2016	1461179530	37	945	982	906
Wed Apr 20 15:25:18 2016	1461180318	35	947	982	909
Wed Apr 20 15:16:03 2016	1461179763	37	946	983	907
Wed Apr 20 15:16:53 2016	1461179813	35	948	983	909
Wed Apr 20 15:25:18 2016	1461180318	36	947	983	908
Wed Apr 20 15:13:52 2016	1461179632	35	948	983	909
Wed Apr 20 15:26:05 2016	1461180365	35	948	983	910
Wed Apr 20 15:16:55 2016	1461179815	36	948	985	910
Wed Apr 20 15:26:40 2016	1461180400	36	949	985	910
Wed Apr 20 15:14:31 2016	1461179671	36	949	985	910
Wed Apr 20 15:13:50 2016	1461179630	36	950	985	911
Wed Apr 20 15:16:02 2016	1461179762	36	950	986	904
Wed Apr 20 15:27:07 2016	1461180427	36	950	986	911
Wed Apr 20 15:15:10 2016	1461179710	36	950	986	911
Wed Apr 20 15:24:50 2016	1461180290	35	951	986	912
Wed Apr 20 15:22:33 2016	1461180153	36	951	987	912
Wed Apr 20 15:16:03 2016	1461179763	39	948	987	909
Wed Apr 20 15:12:54 2016	1461179574	36	951	987	913
Wed Apr 20 15:21:16 2016	1461180076	36	951	987	913
Wed Apr 20 15:17:51 2016	1461179871	36	952	987	913
Wed Apr 20 15:27:05 2016	1461180425	36	952	987	913
Wed Apr 20 15:15:50 2016	1461179750	36	952	988	914
Wed Apr 20 15:24:37 2016	1461180277	35	953	989	915
Wed Apr 20 15:27:07 2016	1461180427	36	954	989	915
Wed Apr 20 15:23:53 2016	1461180233	35	954	990	916
Wed Apr 20 15:26:31 2016	1461180391	37	953	990	915
Wed Apr 20 15:19:21 2016	1461179961	35	955	990	917
Wed Apr 20 15:23:41 2016	1461180221	35	955	991	917
Wed Apr 20 15:27:20 2016	1461180440	36	955	991	916
Wed Apr 20 15:18:07 2016	1461179887	35	955	991	917
Wed Apr 20 15:27:05 2016	1461180425	36	955	991	917
Wed Apr 20 15:22:15 2016	1461180135	35	956	991	917
Wed Apr 20 15:18:36 2016	1461179916	35	956	991	917
Wed Apr 20 15:13:22 2016	1461179602	36	956	992	916
Wed Apr 20 15:13:36 2016	1461179616	35	957	992	918
Wed Apr 20 15:19:21 2016	1461179961	36	956	992	917
Wed Apr 20 15:27:07 2016	1461180427	35	958	993	919
Wed Apr 20 15:21:16 2016	1461180076	36	958	993	919
Wed Apr 20 15:13:22 2016	1461179602	36	958	994	919
Wed Apr 20 15:25:00 2016	1461180300	36	958	994	920
Wed Apr 20 15:19:21 2016	1461179961	36	959	995	920
Wed Apr 20 15:16:03 2016	1461179763	38	957	996	918
Wed Apr 20 15:27:07 2016	1461180427	35	960	996	922
Wed Apr 20 15:13:25 2016	1461179605	35	961	996	922
Wed Apr 20 15:14:28 2016	1461179668	35	961	996	923
Wed Apr 20 15:26:56 2016	1461180416	35	961	996	922
Wed Apr 20 15:13:37 2016	1461179617	36	961	997	923
Wed Apr 20 15:15:50 2016	1461179750	36	961	997	921
Wed Apr 20 15:13:37 2016	1461179617	35	961	997	923
Wed Apr 20 15:27:07 2016	1461180427	35	962	997	923
Wed Apr 20 15:15:50 2016	1461179750	38	959	997	917
Wed Apr 20 15:23:55 2016	1461180235	35	963	998	924
Wed Apr 20 15:16:53 2016	1461179813	36	963	998	924
Wed Apr 20 15:23:53 2016	1461180233	36	963	999	924
Wed Apr 20 15:14:52 2016	1461179692	36	964	999	925
Wed Apr 20 15:23:51 2016	1461180231	36	965	1000	926
Wed Apr 20 15:15:11 2016	1461179711	37	963	1000	924
Wed Apr 20 15:25:34 2016	1461180334	36	965	1000	926
Wed Apr 20 15:12:56 2016	1461179576	36	965	1001	927
Wed Apr 20 15:11:21 2016	1461179481	36	965	1001	927
Wed Apr 20 15:16:15 2016	1461179775	36	966	1002	927
Wed Apr 20 15:22:57 2016	1461180177	35	968	1003	930
Wed Apr 20 15:13:50 2016	1461179630	36	968	1003	929
Wed Apr 20 15:21:33 2016	1461180093	35	968	1004	930
Wed Apr 20 15:15:08 2016	1461179708	36	968	1004	929
Wed Apr 20 15:13:36 2016	1461179616	36	969	1005	931
Wed Apr 20 15:19:21 2016	1461179961	36	970	1006	931
Wed Apr 20 15:12:24 2016	1461179544	36	971	1006	932
Wed Apr 20 15:26:18 2016	1461180378	35	972	1008	934
Wed Apr 20 15:27:07 2016	1461180427	35	972	1008	934
Wed Apr 20 15:25:00 2016	1461180300	35	973	1008	935
Wed Apr 20 15:25:33 2016	1461180333	36	973	1009	934
Wed Apr 20 15:25:34 2016	1461180334	35	974	1009	935
Wed Apr 20 15:25:02 2016	1461180302	36	974	1009	935
Wed Apr 20 15:27:06 2016	1461180426	36	974	1010	936
Wed Apr 20 15:25:02 2016	1461180302	36	975	1011	936
Wed Apr 20 15:27:06 2016	1461180426	36	976	1011	937
Wed Apr 20 15:25:34 2016	1461180334	36	976	1012	936
Wed Apr 20 15:15:38 2016	1461179738	36	976	1012	938
Wed Apr 20 15:25:18 2016	1461180318	35	978	1013	939
Wed Apr 20 15:12:12 2016	1461179532	35	978	1013	939
Wed Apr 20 15:25:48 2016	1461180348	35	978	1014	940
Wed Apr 20 15:24:37 2016	1461180277	36	978	1014	939
Wed Apr 20 15:16:03 2016	1461179763	38	977	1015	937
Wed Apr 20 15:27:20 2016	1461180440	36	979	1015	940
Wed Apr 20 15:13:39 2016	1461179619	36	979	1015	940
Wed Apr 20 15:27:20 2016	1461180440	36	979	1015	940
Wed Apr 20 15:14:05 2016	1461179645	36	979	1015	941
Wed Apr 20 15:13:22 2016	1461179602	36	980	1016	942
Wed Apr 20 15:18:07 2016	1461179887	36	980	1016	942
Wed Apr 20 15:27:06 2016	1461180426	36	983	1018	944
Wed Apr 20 15:16:53 2016	1461179813	36	983	1018	944
Wed Apr 20 15:27:20 2016	1461180440	35	983	1018	945
Wed Apr 20 15:11:59 2016	1461179519	36	983	1019	944
Wed Apr 20 15:21:16 2016	1461180076	36	985	1021	946
Wed Apr 20 15:17:23 2016	1461179843	36	985	1021	946
Wed Apr 20 15:26:05 2016	1461180365	40	981	1021	942
Wed Apr 20 15:25:52 2016	1461180352	36	985	1021	946
Wed Apr 20 15:14:04 2016	1461179644	35	986	1021	947
Wed Apr 20 15:14:19 2016	1461179659	36	986	1021	947
Wed Apr 20 15:20:04 2016	1461180004	35	986	1021	947
Wed Apr 20 15:13:36 2016	1461179616	38	983	1022	944
Wed Apr 20 15:24:50 2016	1461180290	36	986	1022	948
Wed Apr 20 15:27:20 2016	1461180440	35	987	1023	949
Wed Apr 20 15:25:02 2016	1461180302	36	987	1023	949
Wed Apr 20 15:25:33 2016	1461180333	35	989	1025	951
Wed Apr 20 15:26:18 2016	1461180378	35	990	1025	951
Wed Apr 20 15:21:46 2016	1461180106	35	990	1025	952
Wed Apr 20 15:15:38 2016	1461179738	35	990	1026	951
Wed Apr 20 15:27:20 2016	1461180440	35	990	1026	952
Wed Apr 20 15:21:19 2016	1461180079	35	991	1026	953
Wed Apr 20 15:15:38 2016	1461179738	36	991	1027	952
Wed Apr 20 15:13:36 2016	1461179616	36	991	1027	943
Wed Apr 20 15:23:11 2016	1461180191	36	991	1027	952
Wed Apr 20 15:25:36 2016	1461180336	35	993	1028	954
Wed Apr 20 15:11:59 2016	1461179519	35	993	1028	955
Wed Apr 20 15:18:36 2016	1461179916	35	993	1028	954
Wed Apr 20 15:21:59 2016	1461180119	35	993	1029	955
Wed Apr 20 15:12:53 2016	1461179573	35	993	1029	955
Wed Apr 20 15:25:33 2016	1461180333	36	993	1029	954
Wed Apr 20 15:15:50 2016	1461179750	35	994	1029	950
Wed Apr 20 15:15:50 2016	1461179750	36	994	1030	955
Wed Apr 20 15:11:46 2016	1461179506	35	995	1031	957
Wed Apr 20 15:20:53 2016	1461180053	35	995	1031	957
Wed Apr 20 15:16:03 2016	1461179763	36	996	1031	956
Wed Apr 20 15:21:05 2016	1461180065	35	997	1032	958
Wed Apr 20 15:17:11 2016	1461179831	35	997	1032	959
Wed Apr 20 15:25:33 2016	1461180333	37	995	1033	957
Wed Apr 20 15:22:15 2016	1461180135	35	997	1033	958
Wed Apr 20 15:15:08 2016	1461179708	36	997	1033	959
Wed Apr 20 15:17:27 2016	1461179847	37	997	1033	958
Wed Apr 20 15:19:37 2016	1461179977	36	998	1033	959
Wed Apr 20 15:26:56 2016	1461180416	35	999	1034	960
Wed Apr 20 15:17:09 2016	1461179829	37	998	1034	959
Wed Apr 20 15:25:48 2016	1461180348	36	999	1035	959
Wed Apr 20 15:25:04 2016	1461180304	36	999	1035	961
Wed Apr 20 15:16:03 2016	1461179763	36	999	1035	957
Wed Apr 20 15:25:33 2016	1461180333	36	1000	1035	961
Wed Apr 20 15:22:15 2016	1461180135	36	1000	1036	961
Wed Apr 20 15:25:33 2016	1461180333	35	1000	1036	962
Wed Apr 20 15:25:34 2016	1461180334	36	1000	1036	961
Wed Apr 20 15:12:42 2016	1461179562	59	977	1037	921
Wed Apr 20 15:13:36 2016	1461179616	36	1002	1038	964
Wed Apr 20 15:25:34 2016	1461180334	35	1003	1038	965
Wed Apr 20 15:26:52 2016	1461180412	36	1003	1039	965
Wed Apr 20 15:25:20 2016	1461180320	35	1004	1040	966
Wed Apr 20 15:25:33 2016	1461180333	36	1005	1041	966
Wed Apr 20 15:12:26 2016	1461179546	35	1006	1041	967
Wed Apr 20 15:23:38 2016	1461180218	36	1006	1041	967
Wed Apr 20 15:19:21 2016	1461179961	35	1006	1041	967
Wed Apr 20 15:11:19 2016	1461179479	37	1004	1041	966
Wed Apr 20 15:16:53 2016	1461179813	36	1006	1042	968
Wed Apr 20 15:25:32 2016	1461180332	35	1006	1042	968
Wed Apr 20 15:13:36 2016	1461179616	37	1005	1042	965
Wed Apr 20 15:22:15 2016	1461180135	35	1007	1043	969
Wed Apr 20 15:25:33 2016	1461180333	35	1008	1043	970
Wed Apr 20 15:22:15 2016	1461180135	35	1009	1044	970
Wed Apr 20 15:21:16 2016	1461180076	36	1009	1044	970
Wed Apr 20 15:25:33 2016	1461180333	36	1009	1045	971
Wed Apr 20 15:21:46 2016	1461180106	35	1010	1045	971
Wed Apr 20 15:18:07 2016	1461179887	36	1009	1045	971
Wed Apr 20 15:27:20 2016	1461180440	36	1009	1045	971
Wed Apr 20 15:25:48 2016	1461180348	35	1011	1046	972
Wed Apr 20 15:15:50 2016	1461179750	35	1012	1048	974
Wed Apr 20 15:26:18 2016	1461180378	36	1012	1048	973
Wed Apr 20 15:13:36 2016	1461179616	35	1013	1048	974
Wed Apr 20 15:12:24 2016	1461179544	35	1014	1049	976
Wed Apr 20 15:21:49 2016	1461180109	36	1014	1050	975
Wed Apr 20 15:17:08 2016	1461179828	36	1014	1050	975
Wed Apr 20 15:26:05 2016	1461180365	35	1014	1050	976
Wed Apr 20 15:25:20 2016	1461180320	35	1015	1050	976
Wed Apr 20 15:19:21 2016	1461179961	35	1015	1050	976
Wed Apr 20 15:13:23 2016	1461179603	36	1016	1052	977
Wed Apr 20 15:18:47 2016	1461179927	35	1016	1052	978
Wed Apr 20 15:16:53 2016	1461179813	36	1016	1052	978
Wed Apr 20 15:15:08 2016	1461179708	35	1017	1052	979
Wed Apr 20 15:22:15 2016	1461180135	35	1017	1052	978
Wed Apr 20 15:16:56 2016	1461179816	36	1016	1052	977
Wed Apr 20 15:22:45 2016	1461180165	36	1019	1054	980
Wed Apr 20 15:26:05 2016	1461180365	35	1019	1054	981
Wed Apr 20 15:11:30 2016	1461179490	35	1020	1055	981
Wed Apr 20 15:24:24 2016	1461180264	35	1020	1055	982
Wed Apr 20 15:21:19 2016	1461180079	36	1020	1056	976
Wed Apr 20 15:11:59 2016	1461179519	35	1021	1056	983
Wed Apr 20 15:14:04 2016	1461179644	36	1020	1056	981
Wed Apr 20 15:14:06 2016	1461179646	36	1021	1056	982
Wed Apr 20 15:13:22 2016	1461179602	36	1021	1056	982
Wed Apr 20 15:12:24 2016	1461179544	36	1021	1056	982
Wed Apr 20 15:13:23 2016	1461179603	35	1021	1056	983
Wed Apr 20 15:25:34 2016	1461180334	37	1019	1056	981
Wed Apr 20 15:11:30 2016	1461179490	35	1021	1057	983
Wed Apr 20 15:17:41 2016	1461179861	36	1021	1057	982
Wed Apr 20 15:17:08 2016	1461179828	36	1021	1057	983
Wed Apr 20 15:13:36 2016	1461179616	38	1019	1057	981
Wed Apr 20 15:26:40 2016	1461180400	35	1022	1058	979
Wed Apr 20 15:13:22 2016	1461179602	38	1021	1059	983
Wed Apr 20 15:15:50 2016	1461179750	35	1024	1059	986
Wed Apr 20 15:22:19 2016	1461180139	35	1024	1059	975
Wed Apr 20 15:21:49 2016	1461180109	36	1024	1060	985
Wed Apr 20 15:12:40 2016	1461179560	80	980	1060	898
Wed Apr 20 15:25:34 2016	1461180334	36	1025	1060	986
Wed Apr 20 15:13:23 2016	1461179603	36	1026	1061	985
Wed Apr 20 15:25:02 2016	1461180302	38	1024	1062	986
Wed Apr 20 15:25:34 2016	1461180334	35	1027	1063	988
Wed Apr 20 15:22:29 2016	1461180149	36	1031	1066	992
Wed Apr 20 15:14:04 2016	1461179644	35	1032	1067	993
Wed Apr 20 15:20:17 2016	1461180017	35	1032	1067	994
Wed Apr 20 15:14:43 2016	1461179683	36	1032	1067	993
Wed Apr 20 15:15:08 2016	1461179708	35	1033	1068	994
Wed Apr 20 15:17:08 2016	1461179828	35	1033	1068	994
Wed Apr 20 15:25:52 2016	1461180352	35	1034	1069	995
Wed Apr 20 15:19:21 2016	1461179961	35	1034	1069	995
Wed Apr 20 15:17:08 2016	1461179828	35	1034	1069	996
Wed Apr 20 15:21:46 2016	1461180106	36	1035	1070	996
Wed Apr 20 15:12:26 2016	1461179546	35	1035	1071	995
Wed Apr 20 15:11:43 2016	1461179503	36	1035	1071	997
Wed Apr 20 15:19:50 2016	1461179990	35	1036	1071	997
Wed Apr 20 15:14:04 2016	1461179644	36	1036	1071	997
Wed Apr 20 15:13:23 2016	1461179603	35	1037	1072	998
Wed Apr 20 15:22:19 2016	1461180139	35	1037	1072	998
Wed Apr 20 15:12:22 2016	1461179542	36	1037	1072	998
Wed Apr 20 15:11:43 2016	1461179503	35	1037	1073	999
Wed Apr 20 15:25:34 2016	1461180334	36	1037	1073	999
Wed Apr 20 15:26:05 2016	1461180365	36	1037	1073	999
Wed Apr 20 15:24:20 2016	1461180260	36	1038	1074	999
Wed Apr 20 15:12:22 2016	1461179542	36	1039	1075	1001
Wed Apr 20 15:20:29 2016	1461180029	35	1041	1076	1003
Wed Apr 20 15:14:04 2016	1461179644	37	1039	1076	1001
Wed Apr 20 15:12:23 2016	1461179543	35	1042	1078	1004
Wed Apr 20 15:25:33 2016	1461180333	36	1043	1079	1005
Wed Apr 20 15:25:02 2016	1461180302	35	1045	1080	1006
Wed Apr 20 15:12:26 2016	1461179546	35	1045	1080	1007
Wed Apr 20 15:21:49 2016	1461180109	36	1045	1081	1007
Wed Apr 20 15:11:30 2016	1461179490	35	1047	1082	1008
Wed Apr 20 15:23:37 2016	1461180217	36	1047	1082	1008
Wed Apr 20 15:17:08 2016	1461179828	36	1047	1083	1008
Wed Apr 20 15:22:15 2016	1461180135	35	1048	1083	1009
Wed Apr 20 15:12:26 2016	1461179546	36	1048	1083	1009
Wed Apr 20 15:11:21 2016	1461179481	36	1048	1084	1009
Wed Apr 20 15:27:19 2016	1461180439	35	1049	1085	1011
Wed Apr 20 15:12:22 2016	1461179542	35	1050	1085	1011
Wed Apr 20 15:25:32 2016	1461180332	36	1050	1085	1011
Wed Apr 20 15:25:32 2016	1461180332	35	1050	1086	1010
Wed Apr 20 15:23:28 2016	1461180208	35	1051	1086	1013
Wed Apr 20 15:13:22 2016	1461179602	35	1051	1087	1013
Wed Apr 20 15:21:19 2016	1461180079	35	1052	1088	1014
Wed Apr 20 15:27:19 2016	1461180439	35	1053	1088	1014
Wed Apr 20 15:14:04 2016	1461179644	35	1053	1089	1015
Wed Apr 20 15:25:02 2016	1461180302	35	1055	1090	1016
Wed Apr 20 15:17:08 2016	1461179828	36	1056	1092	1018
Wed Apr 20 15:14:04 2016	1461179644	36	1057	1092	1013
Wed Apr 20 15:25:32 2016	1461180332	36	1058	1093	1019
Wed Apr 20 15:14:04 2016	1461179644	37	1057	1093	1017
Wed Apr 20 15:26:51 2016	1461180411	36	1058	1094	1019
Wed Apr 20 15:13:23 2016	1461179603	36	1058	1094	1018
Wed Apr 20 15:25:32 2016	1461180332	36	1059	1094	1020
Wed Apr 20 15:21:46 2016	1461180106	35	1059	1094	1021
Wed Apr 20 15:24:33 2016	1461180273	36	1060	1096	1021
Wed Apr 20 15:22:45 2016	1461180165	36	1060	1096	1021
Wed Apr 20 15:12:24 2016	1461179544	36	1060	1096	1022
Wed Apr 20 15:23:37 2016	1461180217	35	1061	1096	1022
Wed Apr 20 15:20:41 2016	1461180041	36	1061	1097	1022
Wed Apr 20 15:23:11 2016	1461180191	35	1061	1097	1023
Wed Apr 20 15:23:10 2016	1461180190	36	1061	1097	1023
Wed Apr 20 15:19:21 2016	1461179961	36	1061	1097	1023
Wed Apr 20 15:20:04 2016	1461180004	36	1062	1097	1023
Wed Apr 20 15:25:52 2016	1461180352	36	1062	1098	1024
Wed Apr 20 15:23:11 2016	1461180191	35	1063	1098	1024
Wed Apr 20 15:12:12 2016	1461179532	36	1063	1099	1024
Wed Apr 20 15:19:50 2016	1461179990	36	1063	1099	1024
Wed Apr 20 15:26:44 2016	1461180404	36	1063	1099	1024
Wed Apr 20 15:23:10 2016	1461180190	36	1064	1099	1025
Wed Apr 20 15:23:28 2016	1461180208	36	1064	1099	1024
Wed Apr 20 15:16:43 2016	1461179803	35	1065	1100	1026
Wed Apr 20 15:12:23 2016	1461179543	36	1065	1100	1026
Wed Apr 20 15:15:38 2016	1461179738	35	1065	1100	1027
Wed Apr 20 15:23:11 2016	1461180191	36	1066	1101	1027
Wed Apr 20 15:23:55 2016	1461180235	35	1066	1101	1028
Wed Apr 20 15:17:37 2016	1461179857	36	1067	1103	1028
Wed Apr 20 15:22:57 2016	1461180177	35	1068	1104	1029
Wed Apr 20 15:17:55 2016	1461179875	35	1068	1104	1030
Wed Apr 20 15:12:24 2016	1461179544	36	1068	1104	1030
Wed Apr 20 15:12:24 2016	1461179544	35	1069	1104	1030
Wed Apr 20 15:17:08 2016	1461179828	35	1069	1104	1018
Wed Apr 20 15:22:19 2016	1461180139	36	1069	1105	1030
Wed Apr 20 15:20:53 2016	1461180053	36	1070	1107	1032
Wed Apr 20 15:16:43 2016	1461179803	35	1072	1108	1034
Wed Apr 20 15:16:05 2016	1461179765	36	1072	1108	1034
Wed Apr 20 15:24:51 2016	1461180291	37	1073	1110	1035
Wed Apr 20 15:15:53 2016	1461179753	35	1075	1111	1037
Wed Apr 20 15:15:49 2016	1461179749	35	1076	1112	1038
Wed Apr 20 15:20:53 2016	1461180053	35	1076	1112	1038
Wed Apr 20 15:23:10 2016	1461180190	36	1076	1112	1038
Wed Apr 20 15:21:46 2016	1461180106	35	1077	1112	1038
Wed Apr 20 15:23:51 2016	1461180231	35	1078	1113	1040
Wed Apr 20 15:21:19 2016	1461180079	36	1078	1113	1039
Wed Apr 20 15:11:33 2016	1461179493	38	1075	1113	1036
Wed Apr 20 15:26:27 2016	1461180387	36	1078	1114	1040
Wed Apr 20 15:23:10 2016	1461180190	35	1080	1115	1041
Wed Apr 20 15:25:32 2016	1461180332	35	1080	1115	1041
Wed Apr 20 15:12:23 2016	1461179543	35	1080	1116	1042
Wed Apr 20 15:18:06 2016	1461179886	36	1083	1119	1044
Wed Apr 20 15:13:52 2016	1461179632	36	1084	1120	1045
Wed Apr 20 15:18:05 2016	1461179885	36	1084	1120	1046
Wed Apr 20 15:11:46 2016	1461179506	35	1087	1122	1049
Wed Apr 20 15:11:21 2016	1461179481	37	1086	1123	1047
Wed Apr 20 15:25:02 2016	1461180302	35	1088	1123	1049
Wed Apr 20 15:17:11 2016	1461179831	35	1089	1125	1051
Wed Apr 20 15:16:02 2016	1461179762	36	1090	1125	1049
Wed Apr 20 15:24:33 2016	1461180273	35	1092	1128	1054
Wed Apr 20 15:25:02 2016	1461180302	36	1092	1128	1052
Wed Apr 20 15:11:55 2016	1461179515	36	1093	1129	1054
Wed Apr 20 15:13:22 2016	1461179602	36	1094	1130	1056
Wed Apr 20 15:21:19 2016	1461180079	35	1095	1130	1055
Wed Apr 20 15:25:32 2016	1461180332	36	1095	1130	1056
Wed Apr 20 15:19:11 2016	1461179951	35	1096	1131	1058
Wed Apr 20 15:23:10 2016	1461180190	36	1095	1131	1057
Wed Apr 20 15:25:20 2016	1461180320	35	1096	1132	1058
Wed Apr 20 15:23:10 2016	1461180190	35	1096	1132	1058
Wed Apr 20 15:24:20 2016	1461180260	38	1094	1132	1056
Wed Apr 20 15:14:04 2016	1461179644	36	1097	1134	1058
Wed Apr 20 15:16:43 2016	1461179803	35	1099	1134	1061
Wed Apr 20 15:18:05 2016	1461179885	35	1102	1137	1063
Wed Apr 20 15:23:10 2016	1461180190	36	1102	1138	1063
Wed Apr 20 15:19:24 2016	1461179964	35	1104	1139	1065
Wed Apr 20 15:13:50 2016	1461179630	35	1104	1139	1065
Wed Apr 20 15:11:43 2016	1461179503	35	1104	1140	1066
Wed Apr 20 15:18:06 2016	1461179886	35	1104	1140	1066
Wed Apr 20 15:22:33 2016	1461180153	35	1105	1140	1066
Wed Apr 20 15:11:21 2016	1461179481	36	1105	1140	1066
Wed Apr 20 15:18:48 2016	1461179928	39	1103	1142	1064
Wed Apr 20 15:12:24 2016	1461179544	35	1107	1142	1068
Wed Apr 20 15:25:52 2016	1461180352	35	1108	1143	1069
Wed Apr 20 15:12:23 2016	1461179543	36	1107	1143	1069
Wed Apr 20 15:12:40 2016	1461179560	70	1074	1143	984
Wed Apr 20 15:23:10 2016	1461180190	36	1108	1144	1070
Wed Apr 20 15:22:29 2016	1461180149	36	1110	1145	1071
Wed Apr 20 15:25:04 2016	1461180304	36	1111	1147	1073
Wed Apr 20 15:14:32 2016	1461179672	36	1111	1147	1072
Wed Apr 20 15:17:23 2016	1461179843	35	1113	1148	1074
Wed Apr 20 15:18:05 2016	1461179885	36	1113	1149	1075
Wed Apr 20 15:18:04 2016	1461179884	36	1114	1149	1075
Wed Apr 20 15:13:25 2016	1461179605	35	1115	1150	1076
Wed Apr 20 15:18:59 2016	1461179939	36	1117	1152	1078
Wed Apr 20 15:26:05 2016	1461180365	36	1117	1153	1078
Wed Apr 20 15:18:05 2016	1461179885	35	1119	1155	1081
Wed Apr 20 15:22:33 2016	1461180153	35	1120	1156	1082
Wed Apr 20 15:17:41 2016	1461179861	35	1121	1156	1083
Wed Apr 20 15:23:09 2016	1461180189	36	1121	1156	1082
Wed Apr 20 15:13:39 2016	1461179619	36	1121	1157	1082
Wed Apr 20 15:15:49 2016	1461179749	35	1122	1157	1084
Wed Apr 20 15:18:05 2016	1461179885	35	1123	1158	1085
Wed Apr 20 15:18:05 2016	1461179885	35	1124	1159	1085
Wed Apr 20 15:12:42 2016	1461179562	58	1102	1159	1041
Wed Apr 20 15:12:08 2016	1461179528	36	1124	1160	1085
Wed Apr 20 15:17:37 2016	1461179857	36	1124	1160	1086
Wed Apr 20 15:27:09 2016	1461180429	36	1125	1161	1086
Wed Apr 20 15:23:28 2016	1461180208	35	1126	1162	1082
Wed Apr 20 15:20:04 2016	1461180004	36	1127	1162	1088
Wed Apr 20 15:25:20 2016	1461180320	35	1128	1163	1089
Wed Apr 20 15:27:04 2016	1461180424	36	1128	1164	1089
Wed Apr 20 15:26:44 2016	1461180404	36	1128	1164	1090
Wed Apr 20 15:15:08 2016	1461179708	36	1128	1164	1089
Wed Apr 20 15:16:31 2016	1461179791	35	1130	1165	1091
Wed Apr 20 15:18:06 2016	1461179886	36	1129	1165	1091
Wed Apr 20 15:16:43 2016	1461179803	36	1130	1165	1091
Wed Apr 20 15:18:05 2016	1461179885	36	1130	1166	1091
Wed Apr 20 15:18:05 2016	1461179885	36	1130	1166	1091
Wed Apr 20 15:13:22 2016	1461179602	35	1131	1166	1092
Wed Apr 20 15:18:06 2016	1461179886	35	1131	1167	1093
Wed Apr 20 15:21:33 2016	1461180093	36	1131	1167	1093
Wed Apr 20 15:25:48 2016	1461180348	36	1132	1167	1093
Wed Apr 20 15:14:56 2016	1461179696	35	1132	1168	1093
Wed Apr 20 15:18:06 2016	1461179886	37	1132	1169	1093
Wed Apr 20 15:12:23 2016	1461179543	35	1134	1169	1095
Wed Apr 20 15:24:20 2016	1461180260	36	1134	1169	1095
Wed Apr 20 15:26:56 2016	1461180416	35	1135	1170	1096
Wed Apr 20 15:12:23 2016	1461179543	36	1135	1170	1096
Wed Apr 20 15:18:06 2016	1461179886	35	1135	1170	1097
Wed Apr 20 15:11:59 2016	1461179519	36	1136	1171	1097
Wed Apr 20 15:12:40 2016	1461179560	73	1100	1173	1011
Wed Apr 20 15:21:49 2016	1461180109	35	1138	1173	1100
Wed Apr 20 15:25:48 2016	1461180348	37	1138	1175	1099
Wed Apr 20 15:24:09 2016	1461180249	36	1140	1175	1101
Wed Apr 20 15:23:37 2016	1461180217	36	1140	1176	1102
Wed Apr 20 15:18:05 2016	1461179885	35	1140	1176	1102
Wed Apr 20 15:17:08 2016	1461179828	36	1140	1176	1101
Wed Apr 20 15:13:07 2016	1461179587	36	1140	1176	1102
Wed Apr 20 15:27:04 2016	1461180424	37	1140	1177	1101
Wed Apr 20 15:11:33 2016	1461179493	36	1141	1177	1102
Wed Apr 20 15:12:23 2016	1461179543	36	1142	1177	1103
Wed Apr 20 15:12:24 2016	1461179544	35	1145	1180	1107
Wed Apr 20 15:18:48 2016	1461179928	37	1145	1182	1101
Wed Apr 20 15:12:40 2016	1461179560	67	1115	1182	1024
Wed Apr 20 15:12:24 2016	1461179544	35	1147	1183	1108
Wed Apr 20 15:18:48 2016	1461179928	37	1146	1183	1108
Wed Apr 20 15:18:36 2016	1461179916	35	1148	1183	1109
Wed Apr 20 15:23:09 2016	1461180189	36	1149	1185	1111
Wed Apr 20 15:23:09 2016	1461180189	35	1150	1185	1111
Wed Apr 20 15:15:49 2016	1461179749	36	1151	1187	1113
Wed Apr 20 15:11:33 2016	1461179493	39	1148	1187	1104
Wed Apr 20 15:13:50 2016	1461179630	36	1152	1188	1114
Wed Apr 20 15:23:09 2016	1461180189	35	1153	1189	1115
Wed Apr 20 15:26:18 2016	1461180378	35	1155	1190	1116
Wed Apr 20 15:12:40 2016	1461179560	76	1114	1191	1028
Wed Apr 20 15:27:09 2016	1461180429	35	1157	1193	1119
Wed Apr 20 15:19:38 2016	1461179978	35	1158	1193	1120
Wed Apr 20 15:22:29 2016	1461180149	35	1159	1195	1121
Wed Apr 20 15:11:59 2016	1461179519	36	1161	1196	1122
Wed Apr 20 15:15:08 2016	1461179708	36	1161	1197	1122
Wed Apr 20 15:12:26 2016	1461179546	36	1161	1197	1123
Wed Apr 20 15:21:19 2016	1461180079	35	1162	1197	1123
Wed Apr 20 15:18:06 2016	1461179886	37	1162	1198	1123
Wed Apr 20 15:26:44 2016	1461180404	36	1165	1201	1126
Wed Apr 20 15:15:08 2016	1461179708	36	1165	1201	1126
Wed Apr 20 15:14:20 2016	1461179660	37	1165	1202	1127
Wed Apr 20 15:18:25 2016	1461179905	36	1168	1204	1129
Wed Apr 20 15:11:46 2016	1461179506	35	1170	1205	1132
Wed Apr 20 15:23:09 2016	1461180189	36	1171	1207	1133
Wed Apr 20 15:16:52 2016	1461179812	35	1173	1208	1135
Wed Apr 20 15:22:02 2016	1461180122	35	1175	1210	1137
Wed Apr 20 15:16:40 2016	1461179800	36	1176	1211	1137
Wed Apr 20 15:23:09 2016	1461180189	35	1176	1211	1138
Wed Apr 20 15:13:52 2016	1461179632	36	1176	1212	1137
Wed Apr 20 15:20:04 2016	1461180004	35	1177	1212	1138
Wed Apr 20 15:23:42 2016	1461180222	36	1177	1213	1138
Wed Apr 20 15:12:23 2016	1461179543	35	1178	1214	1139
Wed Apr 20 15:25:52 2016	1461180352	36	1178	1214	1140
Wed Apr 20 15:16:43 2016	1461179803	36	1179	1214	1138
Wed Apr 20 15:23:13 2016	1461180193	35	1180	1215	1141
Wed Apr 20 15:24:51 2016	1461180291	36	1180	1216	1141
Wed Apr 20 15:21:45 2016	1461180105	36	1181	1216	1142
Wed Apr 20 15:12:23 2016	1461179543	37	1179	1217	1141
Wed Apr 20 15:15:53 2016	1461179753	36	1181	1217	1142
Wed Apr 20 15:26:05 2016	1461180365	35	1181	1217	1143
Wed Apr 20 15:17:23 2016	1461179843	35	1182	1217	1143
Wed Apr 20 15:11:55 2016	1461179515	36	1182	1217	1143
Wed Apr 20 15:21:49 2016	1461180109	35	1184	1219	1143
Wed Apr 20 15:17:23 2016	1461179843	36	1183	1219	1145
Wed Apr 20 15:20:17 2016	1461180017	36	1184	1220	1145
Wed Apr 20 15:20:53 2016	1461180053	36	1184	1220	1146
Wed Apr 20 15:11:21 2016	1461179481	36	1184	1220	1145
Wed Apr 20 15:19:11 2016	1461179951	35	1185	1220	1145
Wed Apr 20 15:18:06 2016	1461179886	36	1185	1221	1147
Wed Apr 20 15:26:18 2016	1461180378	36	1185	1222	1147
Wed Apr 20 15:11:21 2016	1461179481	35	1187	1222	1149
Wed Apr 20 15:27:09 2016	1461180429	35	1187	1223	1148
Wed Apr 20 15:15:38 2016	1461179738	35	1187	1223	1149
Wed Apr 20 15:21:33 2016	1461180093	35	1187	1223	1149
Wed Apr 20 15:18:10 2016	1461179890	35	1188	1223	1147
Wed Apr 20 15:26:18 2016	1461180378	36	1188	1224	1150
Wed Apr 20 15:21:45 2016	1461180105	36	1188	1224	1149
Wed Apr 20 15:15:25 2016	1461179725	35	1189	1225	1151
Wed Apr 20 15:17:07 2016	1461179827	36	1189	1225	1151
Wed Apr 20 15:23:42 2016	1461180222	35	1190	1225	1151
Wed Apr 20 15:21:45 2016	1461180105	36	1190	1226	1152
Wed Apr 20 15:22:33 2016	1461180153	36	1191	1226	1152
Wed Apr 20 15:18:06 2016	1461179886	35	1191	1227	1153
Wed Apr 20 15:23:09 2016	1461180189	36	1191	1227	1152
Wed Apr 20 15:19:11 2016	1461179951	35	1193	1229	1154
Wed Apr 20 15:21:45 2016	1461180105	36	1194	1230	1156
Wed Apr 20 15:24:37 2016	1461180277	37	1194	1232	1155
Wed Apr 20 15:21:45 2016	1461180105	35	1197	1233	1159
Wed Apr 20 15:25:47 2016	1461180347	36	1199	1235	1161
Wed Apr 20 15:21:45 2016	1461180105	35	1201	1236	1162
Wed Apr 20 15:15:08 2016	1461179708	35	1201	1236	1162
Wed Apr 20 15:15:49 2016	1461179749	35	1201	1236	1161
Wed Apr 20 15:16:57 2016	1461179817	35	1201	1237	1163
Wed Apr 20 15:19:24 2016	1461179964	36	1202	1237	1163
Wed Apr 20 15:14:56 2016	1461179696	35	1204	1239	1165
Wed Apr 20 15:15:53 2016	1461179753	35	1208	1243	1169
Wed Apr 20 15:11:34 2016	1461179494	35	1208	1243	1169
Wed Apr 20 15:26:18 2016	1461180378	35	1208	1244	1170
Wed Apr 20 15:12:39 2016	1461179559	75	1170	1245	1083
Wed Apr 20 15:13:39 2016	1461179619	35	1210	1245	1172
Wed Apr 20 15:12:40 2016	1461179560	72	1174	1246	1091
Wed Apr 20 15:26:31 2016	1461180391	35	1211	1246	1173
Wed Apr 20 15:22:33 2016	1461180153	36	1211	1247	1172
Wed Apr 20 15:22:03 2016	1461180123	35	1212	1248	1174
Wed Apr 20 15:18:48 2016	1461179928	36	1213	1248	1174
Wed Apr 20 15:26:05 2016	1461180365	35	1214	1249	1175
Wed Apr 20 15:15:49 2016	1461179749	35	1214	1249	1176
Wed Apr 20 15:12:39 2016	1461179559	74	1176	1251	1106
Wed Apr 20 15:26:06 2016	1461180366	35	1215	1251	1177
Wed Apr 20 15:26:05 2016	1461180365	36	1215	1251	1177
Wed Apr 20 15:25:20 2016	1461180320	36	1217	1253	1178
Wed Apr 20 15:23:09 2016	1461180189	36	1218	1254	1180
Wed Apr 20 15:26:06 2016	1461180366	35	1221	1256	1182
Wed Apr 20 15:26:06 2016	1461180366	35	1223	1258	1184
Wed Apr 20 15:20:41 2016	1461180041	36	1222	1258	1182
Wed Apr 20 15:21:44 2016	1461180104	36	1222	1258	1184
Wed Apr 20 15:14:56 2016	1461179696	35	1224	1259	1185
Wed Apr 20 15:21:45 2016	1461180105	36	1224	1259	1185
Wed Apr 20 15:19:11 2016	1461179951	35	1224	1259	1185
Wed Apr 20 15:26:06 2016	1461180366	35	1225	1260	1186
Wed Apr 20 15:12:39 2016	1461179559	65	1195	1260	1109
Wed Apr 20 15:26:27 2016	1461180387	37	1225	1262	1186
Wed Apr 20 15:12:40 2016	1461179560	73	1190	1263	1104
Wed Apr 20 15:18:06 2016	1461179886	37	1226	1263	1188
Wed Apr 20 15:16:18 2016	1461179778	48	1215	1263	1177
Wed Apr 20 15:13:50 2016	1461179630	39	1225	1264	1185
Wed Apr 20 15:26:06 2016	1461180366	35	1230	1265	1191
Wed Apr 20 15:12:38 2016	1461179558	63	1204	1267	1134
Wed Apr 20 15:20:04 2016	1461180004	36	1232	1267	1193
Wed Apr 20 15:12:38 2016	1461179558	67	1201	1268	1128
Wed Apr 20 15:20:29 2016	1461180029	35	1233	1268	1194
Wed Apr 20 15:17:07 2016	1461179827	36	1235	1271	1196
Wed Apr 20 15:26:06 2016	1461180366	35	1235	1271	1197
Wed Apr 20 15:19:24 2016	1461179964	36	1236	1271	1197
Wed Apr 20 15:25:52 2016	1461180352	36	1238	1274	1199
Wed Apr 20 15:26:44 2016	1461180404	35	1239	1274	1200
Wed Apr 20 15:18:59 2016	1461179939	35	1239	1274	1200
Wed Apr 20 15:12:39 2016	1461179559	67	1209	1276	1124
Wed Apr 20 15:18:48 2016	1461179928	36	1242	1277	1203
Wed Apr 20 15:11:46 2016	1461179506	35	1243	1279	1204
Wed Apr 20 15:11:34 2016	1461179494	35	1244	1279	1205
Wed Apr 20 15:11:59 2016	1461179519	36	1245	1280	1206
Wed Apr 20 15:18:10 2016	1461179890	35	1245	1281	1206
Wed Apr 20 15:12:39 2016	1461179559	77	1203	1281	1130
Wed Apr 20 15:23:42 2016	1461180222	35	1246	1281	1207
Wed Apr 20 15:23:08 2016	1461180188	36	1246	1282	1206
Wed Apr 20 15:26:06 2016	1461180366	35	1248	1284	1210
Wed Apr 20 15:25:20 2016	1461180320	36	1248	1284	1209
Wed Apr 20 15:12:38 2016	1461179558	77	1209	1286	1139
Wed Apr 20 15:21:45 2016	1461180105	35	1251	1286	1212
Wed Apr 20 15:12:38 2016	1461179558	73	1215	1289	1142
Wed Apr 20 15:23:13 2016	1461180193	36	1254	1290	1215
Wed Apr 20 15:25:32 2016	1461180332	35	1256	1291	1217
Wed Apr 20 15:26:18 2016	1461180378	35	1256	1291	1218
Wed Apr 20 15:18:25 2016	1461179905	35	1256	1291	1218
Wed Apr 20 15:23:08 2016	1461180188	36	1256	1291	1217
Wed Apr 20 15:19:11 2016	1461179951	35	1257	1292	1218
Wed Apr 20 15:12:38 2016	1461179558	72	1221	1292	1143
Wed Apr 20 15:26:31 2016	1461180391	36	1257	1292	1218
Wed Apr 20 15:24:37 2016	1461180277	36	1258	1294	1219
Wed Apr 20 15:16:43 2016	1461179803	35	1260	1295	1221
Wed Apr 20 15:27:09 2016	1461180429	35	1260	1295	1221
Wed Apr 20 15:25:32 2016	1461180332	36	1259	1296	1221
Wed Apr 20 15:16:06 2016	1461179766	35	1261	1296	1221
Wed Apr 20 15:27:09 2016	1461180429	35	1262	1297	1224
Wed Apr 20 15:12:08 2016	1461179528	35	1263	1299	1225
Wed Apr 20 15:16:06 2016	1461179766	35	1264	1299	1225
Wed Apr 20 15:16:18 2016	1461179778	48	1252	1300	1214
Wed Apr 20 15:14:56 2016	1461179696	36	1268	1304	1229
Wed Apr 20 15:26:06 2016	1461180366	35	1269	1304	1230
Wed Apr 20 15:13:21 2016	1461179601	36	1270	1305	1231
Wed Apr 20 15:12:38 2016	1461179558	73	1234	1306	1159
Wed Apr 20 15:24:10 2016	1461180250	35	1272	1308	1234
Wed Apr 20 15:22:19 2016	1461180139	35	1273	1308	1234
Wed Apr 20 15:15:25 2016	1461179725	35	1273	1308	1235
Wed Apr 20 15:16:31 2016	1461179791	35	1275	1311	1237
Wed Apr 20 15:20:04 2016	1461180004	38	1273	1311	1235
Wed Apr 20 15:18:48 2016	1461179928	36	1275	1311	1237
Wed Apr 20 15:22:45 2016	1461180165	35	1276	1311	1238
Wed Apr 20 15:21:44 2016	1461180104	35	1277	1312	1239
Wed Apr 20 15:12:42 2016	1461179562	61	1251	1312	1194
Wed Apr 20 15:13:10 2016	1461179590	36	1277	1313	1238
Wed Apr 20 15:27:19 2016	1461180439	36	1279	1315	1239
Wed Apr 20 15:24:37 2016	1461180277	35	1280	1315	1242
Wed Apr 20 15:23:08 2016	1461180188	35	1281	1316	1242
Wed Apr 20 15:17:55 2016	1461179875	35	1283	1318	1244
Wed Apr 20 15:21:44 2016	1461180104	36	1283	1318	1244
Wed Apr 20 15:12:38 2016	1461179558	81	1238	1319	1160
Wed Apr 20 15:18:25 2016	1461179905	36	1284	1319	1245
Wed Apr 20 15:18:37 2016	1461179917	35	1284	1320	1245
Wed Apr 20 15:26:44 2016	1461180404	35	1285	1320	1246
Wed Apr 20 15:26:44 2016	1461180404	36	1285	1320	1246
Wed Apr 20 15:17:55 2016	1461179875	35	1285	1320	1246
Wed Apr 20 15:26:44 2016	1461180404	35	1285	1321	1246
Wed Apr 20 15:26:44 2016	1461180404	35	1285	1321	1247
Wed Apr 20 15:20:53 2016	1461180053	35	1288	1323	1249
Wed Apr 20 15:15:49 2016	1461179749	36	1287	1323	1247
Wed Apr 20 15:26:44 2016	1461180404	36	1288	1323	1249
Wed Apr 20 15:12:38 2016	1461179558	74	1249	1323	1176
Wed Apr 20 15:25:52 2016	1461180352	36	1288	1324	1249
Wed Apr 20 15:18:37 2016	1461179917	36	1289	1324	1250
Wed Apr 20 15:13:49 2016	1461179629	36	1290	1326	1251
Wed Apr 20 15:26:45 2016	1461180405	35	1292	1327	1253
Wed Apr 20 15:18:37 2016	1461179917	36	1292	1327	1253
Wed Apr 20 15:21:19 2016	1461180079	35	1292	1328	1254
Wed Apr 20 15:16:57 2016	1461179817	36	1292	1328	1253
Wed Apr 20 15:18:36 2016	1461179916	36	1293	1329	1254
Wed Apr 20 15:15:25 2016	1461179725	35	1294	1329	1255
Wed Apr 20 15:16:18 2016	1461179778	48	1282	1330	1244
Wed Apr 20 15:18:37 2016	1461179917	41	1290	1331	1252
Wed Apr 20 15:22:33 2016	1461180153	36	1296	1331	1257
Wed Apr 20 15:23:13 2016	1461180193	35	1296	1332	1258
Wed Apr 20 15:24:51 2016	1461180291	35	1301	1336	1263
Wed Apr 20 15:25:53 2016	1461180353	35	1301	1336	1262
Wed Apr 20 15:11:55 2016	1461179515	36	1301	1337	1263
Wed Apr 20 15:13:49 2016	1461179629	36	1303	1338	1264
Wed Apr 20 15:22:19 2016	1461180139	35	1303	1339	1265
Wed Apr 20 15:21:05 2016	1461180065	36	1303	1339	1264
Wed Apr 20 15:15:07 2016	1461179707	36	1303	1339	1265
Wed Apr 20 15:22:46 2016	1461180166	35	1304	1340	1266
Wed Apr 20 15:23:08 2016	1461180188	35	1304	1340	1266
Wed Apr 20 15:26:45 2016	1461180405	36	1305	1340	1266
Wed Apr 20 15:12:42 2016	1461179562	61	1280	1340	1222
Wed Apr 20 15:23:42 2016	1461180222	35	1306	1341	1267
Wed Apr 20 15:23:08 2016	1461180188	36	1306	1342	1266
Wed Apr 20 15:15:25 2016	1461179725	37	1306	1343	1267
Wed Apr 20 15:24:51 2016	1461180291	36	1308	1343	1269
Wed Apr 20 15:22:46 2016	1461180166	35	1308	1344	1270
Wed Apr 20 15:18:48 2016	1461179928	35	1310	1346	1272
Wed Apr 20 15:20:53 2016	1461180053	35	1310	1346	1272
Wed Apr 20 15:25:31 2016	1461180331	36	1312	1347	1273
Wed Apr 20 15:22:46 2016	1461180166	35	1313	1348	1274
Wed Apr 20 15:19:51 2016	1461179991	35	1313	1349	1275
Wed Apr 20 15:21:49 2016	1461180109	35	1314	1349	1275
Wed Apr 20 15:22:46 2016	1461180166	36	1314	1350	1275
Wed Apr 20 15:18:25 2016	1461179905	36	1314	1350	1276
Wed Apr 20 15:11:46 2016	1461179506	36	1316	1352	1278
Wed Apr 20 15:16:31 2016	1461179791	35	1317	1352	1279
Wed Apr 20 15:24:24 2016	1461180264	36	1319	1355	1280
Wed Apr 20 15:24:24 2016	1461180264	36	1319	1355	1281
Wed Apr 20 15:23:42 2016	1461180222	36	1320	1356	1282
Wed Apr 20 15:19:12 2016	1461179952	35	1321	1356	1283
Wed Apr 20 15:24:10 2016	1461180250	35	1321	1356	1283
Wed Apr 20 15:23:42 2016	1461180222	36	1321	1357	1281
Wed Apr 20 15:20:53 2016	1461180053	35	1323	1358	1284
Wed Apr 20 15:23:08 2016	1461180188	36	1323	1359	1285
Wed Apr 20 15:16:43 2016	1461179803	36	1324	1360	1286
Wed Apr 20 15:27:09 2016	1461180429	35	1325	1360	1286
Wed Apr 20 15:25:52 2016	1461180352	36	1324	1360	1285
Wed Apr 20 15:20:17 2016	1461180017	35	1325	1361	1287
Wed Apr 20 15:27:10 2016	1461180430	36	1325	1361	1286
Wed Apr 20 15:25:53 2016	1461180353	36	1325	1361	1286
Wed Apr 20 15:20:53 2016	1461180053	36	1326	1362	1286
Wed Apr 20 15:11:19 2016	1461179479	36	1326	1362	1288
Wed Apr 20 15:27:09 2016	1461180429	35	1327	1362	1288
Wed Apr 20 15:19:12 2016	1461179952	35	1328	1363	1290
Wed Apr 20 15:17:07 2016	1461179827	36	1327	1363	1288
Wed Apr 20 15:19:11 2016	1461179951	35	1328	1364	1290
Wed Apr 20 15:27:10 2016	1461180430	35	1328	1364	1289
Wed Apr 20 15:23:08 2016	1461180188	35	1329	1365	1291
Wed Apr 20 15:25:04 2016	1461180304	35	1330	1365	1286
Wed Apr 20 15:22:46 2016	1461180166	35	1331	1366	1292
Wed Apr 20 15:25:20 2016	1461180320	35	1332	1367	1293
Wed Apr 20 15:27:10 2016	1461180430	36	1332	1368	1293
Wed Apr 20 15:23:42 2016	1461180222	38	1330	1368	1291
Wed Apr 20 15:20:04 2016	1461180004	35	1334	1369	1295
Wed Apr 20 15:15:38 2016	1461179738	35	1336	1372	1298
Wed Apr 20 15:14:44 2016	1461179684	36	1339	1374	1300
Wed Apr 20 15:14:07 2016	1461179647	35	1340	1375	1301
Wed Apr 20 15:22:46 2016	1461180166	35	1340	1375	1302
Wed Apr 20 15:17:11 2016	1461179831	36	1340	1376	1302
Wed Apr 20 15:20:17 2016	1461180017	35	1341	1376	1302
Wed Apr 20 15:17:41 2016	1461179861	36	1340	1376	1302
Wed Apr 20 15:13:49 2016	1461179629	35	1341	1377	1302
Wed Apr 20 15:20:53 2016	1461180053	36	1341	1377	1302
Wed Apr 20 15:18:48 2016	1461179928	35	1343	1379	1305
Wed Apr 20 15:12:12 2016	1461179532	36	1343	1379	1304
Wed Apr 20 15:13:49 2016	1461179629	38	1341	1379	1300
Wed Apr 20 15:20:29 2016	1461180029	35	1344	1379	1305
Wed Apr 20 15:13:49 2016	1461179629	35	1344	1379	1305
Wed Apr 20 15:19:51 2016	1461179991	35	1344	1379	1306
Wed Apr 20 15:18:48 2016	1461179928	35	1344	1380	1306
Wed Apr 20 15:26:18 2016	1461180378	35	1344	1380	1306
Wed Apr 20 15:22:45 2016	1461180165	36	1345	1381	1306
Wed Apr 20 15:12:26 2016	1461179546	36	1345	1381	1306
Wed Apr 20 15:16:18 2016	1461179778	44	1338	1381	1299
Wed Apr 20 15:12:56 2016	1461179576	35	1348	1384	1311
Wed Apr 20 15:19:24 2016	1461179964	35	1349	1384	1310
Wed Apr 20 15:19:38 2016	1461179978	36	1349	1384	1310
Wed Apr 20 15:11:34 2016	1461179494	35	1350	1386	1310
Wed Apr 20 15:16:18 2016	1461179778	44	1342	1386	1303
Wed Apr 20 15:23:08 2016	1461180188	35	1351	1386	1311
Wed Apr 20 15:23:30 2016	1461180210	36	1352	1388	1313
Wed Apr 20 15:23:42 2016	1461180222	36	1353	1388	1314
Wed Apr 20 15:22:33 2016	1461180153	35	1353	1388	1313
Wed Apr 20 15:15:06 2016	1461179706	36	1354	1389	1315
Wed Apr 20 15:18:59 2016	1461179939	37	1356	1393	1317
Wed Apr 20 15:14:32 2016	1461179672	35	1359	1395	1321
Wed Apr 20 15:23:42 2016	1461180222	35	1360	1395	1321
Wed Apr 20 15:11:21 2016	1461179481	35	1361	1397	1323
Wed Apr 20 15:14:44 2016	1461179684	36	1361	1397	1322
Wed Apr 20 15:14:56 2016	1461179696	35	1363	1398	1325
Wed Apr 20 15:18:25 2016	1461179905	35	1364	1399	1325
Wed Apr 20 15:15:25 2016	1461179725	36	1363	1399	1325
Wed Apr 20 15:21:05 2016	1461180065	35	1364	1399	1325
Wed Apr 20 15:25:52 2016	1461180352	36	1364	1400	1325
Wed Apr 20 15:25:53 2016	1461180353	36	1364	1400	1326
Wed Apr 20 15:12:42 2016	1461179562	61	1339	1400	1277
Wed Apr 20 15:12:37 2016	1461179557	68	1333	1401	1249
Wed Apr 20 15:18:25 2016	1461179905	36	1366	1402	1327
Wed Apr 20 15:15:07 2016	1461179707	36	1367	1403	1328
Wed Apr 20 15:20:54 2016	1461180054	35	1369	1404	1331
Wed Apr 20 15:27:10 2016	1461180430	35	1369	1405	1331
Wed Apr 20 15:19:51 2016	1461179991	36	1371	1407	1333
Wed Apr 20 15:20:17 2016	1461180017	35	1372	1407	1333
Wed Apr 20 15:26:18 2016	1461180378	35	1373	1408	1334
Wed Apr 20 15:16:31 2016	1461179791	35	1374	1409	1335
Wed Apr 20 15:17:41 2016	1461179861	36	1375	1411	1336
Wed Apr 20 15:20:17 2016	1461180017	35	1376	1412	1338
Wed Apr 20 15:20:41 2016	1461180041	36	1377	1412	1338
Wed Apr 20 15:27:10 2016	1461180430	36	1378	1414	1339
Wed Apr 20 15:15:11 2016	1461179711	35	1379	1414	1340
Wed Apr 20 15:20:17 2016	1461180017	35	1379	1414	1341
Wed Apr 20 15:27:10 2016	1461180430	35	1379	1414	1341
Wed Apr 20 15:13:49 2016	1461179629	36	1379	1415	1339
Wed Apr 20 15:13:49 2016	1461179629	36	1379	1415	1341
Wed Apr 20 15:15:07 2016	1461179707	35	1380	1415	1341
Wed Apr 20 15:12:26 2016	1461179546	35	1380	1415	1342
Wed Apr 20 15:22:29 2016	1461180149	36	1382	1418	1344
Wed Apr 20 15:16:18 2016	1461179778	46	1373	1419	1334
Wed Apr 20 15:15:07 2016	1461179707	36	1384	1419	1345
Wed Apr 20 15:18:25 2016	1461179905	36	1384	1420	1345
Wed Apr 20 15:19:00 2016	1461179940	35	1385	1420	1346
Wed Apr 20 15:19:00 2016	1461179940	36	1384	1420	1346
Wed Apr 20 15:15:07 2016	1461179707	36	1385	1420	1346
Wed Apr 20 15:19:00 2016	1461179940	36	1386	1422	1347
Wed Apr 20 15:19:00 2016	1461179940	35	1387	1422	1348
Wed Apr 20 15:18:59 2016	1461179939	37	1387	1423	1348
Wed Apr 20 15:24:51 2016	1461180291	35	1389	1424	1350
Wed Apr 20 15:20:05 2016	1461180005	35	1390	1425	1350
Wed Apr 20 15:19:00 2016	1461179940	35	1390	1425	1351
Wed Apr 20 15:12:26 2016	1461179546	36	1390	1426	1352
Wed Apr 20 15:17:55 2016	1461179875	36	1391	1427	1353
Wed Apr 20 15:23:42 2016	1461180222	36	1391	1427	1353
Wed Apr 20 15:13:48 2016	1461179628	36	1392	1428	1354
Wed Apr 20 15:27:10 2016	1461180430	35	1393	1429	1355
Wed Apr 20 15:25:52 2016	1461180352	35	1393	1429	1355
Wed Apr 20 15:15:07 2016	1461179707	35	1394	1429	1355
Wed Apr 20 15:18:10 2016	1461179890	36	1394	1430	1355
Wed Apr 20 15:18:25 2016	1461179905	35	1395	1430	1351
Wed Apr 20 15:18:25 2016	1461179905	36	1395	1431	1356
Wed Apr 20 15:22:14 2016	1461180134	35	1397	1432	1358
Wed Apr 20 15:25:53 2016	1461180353	36	1396	1432	1357
Wed Apr 20 15:23:55 2016	1461180235	36	1400	1435	1361
Wed Apr 20 15:21:33 2016	1461180093	36	1401	1436	1361
Wed Apr 20 15:23:28 2016	1461180208	36	1401	1437	1362
Wed Apr 20 15:15:07 2016	1461179707	35	1403	1438	1364
Wed Apr 20 15:24:51 2016	1461180291	35	1406	1442	1368
Wed Apr 20 15:24:10 2016	1461180250	36	1406	1442	1368
Wed Apr 20 15:16:18 2016	1461179778	44	1399	1442	1360
Wed Apr 20 15:22:34 2016	1461180154	35	1408	1444	1370
Wed Apr 20 15:21:19 2016	1461180079	35	1409	1444	1370
Wed Apr 20 15:24:10 2016	1461180250	36	1409	1445	1370
Wed Apr 20 15:17:55 2016	1461179875	36	1410	1445	1371
Wed Apr 20 15:14:32 2016	1461179672	35	1410	1446	1372
Wed Apr 20 15:14:07 2016	1461179647	35	1411	1446	1372
Wed Apr 20 15:20:29 2016	1461180029	35	1411	1446	1373
Wed Apr 20 15:23:55 2016	1461180235	36	1412	1448	1374
Wed Apr 20 15:20:29 2016	1461180029	36	1416	1451	1377
Wed Apr 20 15:14:44 2016	1461179684	35	1416	1452	1377
Wed Apr 20 15:20:41 2016	1461180041	36	1416	1452	1377
Wed Apr 20 15:20:41 2016	1461180041	36	1418	1454	1379
Wed Apr 20 15:22:34 2016	1461180154	36	1418	1454	1379
Wed Apr 20 15:26:57 2016	1461180417	36	1420	1456	1382
Wed Apr 20 15:15:11 2016	1461179711	35	1423	1459	1385
Wed Apr 20 15:14:44 2016	1461179684	36	1424	1460	1386
Wed Apr 20 15:11:34 2016	1461179494	36	1424	1460	1386
Wed Apr 20 15:20:05 2016	1461180005	36	1427	1463	1389
Wed Apr 20 15:13:48 2016	1461179628	36	1428	1463	1389
Wed Apr 20 15:17:56 2016	1461179876	36	1428	1464	1390
Wed Apr 20 15:24:51 2016	1461180291	36	1429	1465	1391
Wed Apr 20 15:13:25 2016	1461179605	35	1431	1467	1393
Wed Apr 20 15:20:04 2016	1461180004	36	1432	1468	1391
Wed Apr 20 15:17:56 2016	1461179876	36	1432	1468	1394
Wed Apr 20 15:14:20 2016	1461179660	35	1433	1468	1394
Wed Apr 20 15:15:06 2016	1461179706	36	1432	1468	1394
Wed Apr 20 15:21:49 2016	1461180109	36	1433	1468	1394
Wed Apr 20 15:20:41 2016	1461180041	36	1433	1468	1394
Wed Apr 20 15:20:41 2016	1461180041	35	1435	1470	1396
Wed Apr 20 15:20:04 2016	1461180004	36	1434	1470	1395
Wed Apr 20 15:17:56 2016	1461179876	35	1436	1471	1398
Wed Apr 20 15:17:23 2016	1461179843	38	1433	1471	1395
Wed Apr 20 15:13:48 2016	1461179628	36	1436	1472	1398
Wed Apr 20 15:26:19 2016	1461180379	36	1436	1472	1397
Wed Apr 20 15:22:34 2016	1461180154	35	1437	1472	1398
Wed Apr 20 15:20:42 2016	1461180042	35	1437	1472	1399
Wed Apr 20 15:21:19 2016	1461180079	35	1437	1472	1399
Wed Apr 20 15:17:56 2016	1461179876	35	1438	1473	1400
Wed Apr 20 15:14:56 2016	1461179696	35	1438	1473	1400
Wed Apr 20 15:25:20 2016	1461180320	36	1440	1476	1402
Wed Apr 20 15:14:20 2016	1461179660	35	1442	1477	1403
Wed Apr 20 15:16:43 2016	1461179803	35	1443	1478	1404
Wed Apr 20 15:15:11 2016	1461179711	36	1442	1478	1404
Wed Apr 20 15:15:25 2016	1461179725	37	1442	1479	1403
Wed Apr 20 15:26:19 2016	1461180379	36	1446	1481	1407
Wed Apr 20 15:23:29 2016	1461180209	35	1446	1482	1408
Wed Apr 20 15:26:19 2016	1461180379	36	1448	1484	1410
Wed Apr 20 15:27:09 2016	1461180429	35	1449	1484	1411
Wed Apr 20 15:14:32 2016	1461179672	35	1450	1485	1412
Wed Apr 20 15:17:27 2016	1461179847	36	1450	1486	1412
Wed Apr 20 15:26:19 2016	1461180379	36	1452	1487	1413
Wed Apr 20 15:25:53 2016	1461180353	36	1453	1489	1414
Wed Apr 20 15:23:55 2016	1461180235	35	1456	1491	1417
Wed Apr 20 15:26:19 2016	1461180379	35	1456	1492	1418
Wed Apr 20 15:23:56 2016	1461180236	35	1457	1492	1418
Wed Apr 20 15:20:42 2016	1461180042	35	1457	1492	1419
Wed Apr 20 15:23:13 2016	1461180193	36	1457	1493	1418
Wed Apr 20 15:25:20 2016	1461180320	35	1458	1493	1418
Wed Apr 20 15:25:20 2016	1461180320	35	1458	1493	1420
Wed Apr 20 15:22:03 2016	1461180123	35	1459	1495	1421
Wed Apr 20 15:17:07 2016	1461179827	36	1460	1496	1421
Wed Apr 20 15:20:42 2016	1461180042	35	1461	1496	1422
Wed Apr 20 15:26:19 2016	1461180379	36	1460	1496	1421
Wed Apr 20 15:25:36 2016	1461180336	35	1464	1500	1426
Wed Apr 20 15:24:38 2016	1461180278	35	1464	1500	1426
Wed Apr 20 15:15:11 2016	1461179711	36	1465	1501	1425
Wed Apr 20 15:17:56 2016	1461179876	35	1466	1502	1428
Wed Apr 20 15:14:32 2016	1461179672	35	1467	1502	1427
Wed Apr 20 15:17:41 2016	1461179861	36	1468	1504	1429
Wed Apr 20 15:26:19 2016	1461180379	35	1472	1507	1434
Wed Apr 20 15:26:19 2016	1461180379	36	1472	1508	1434
Wed Apr 20 15:26:57 2016	1461180417	35	1480	1515	1441
Wed Apr 20 15:26:31 2016	1461180391	35	1480	1516	1442
Wed Apr 20 15:26:56 2016	1461180416	35	1482	1518	1444
Wed Apr 20 15:23:56 2016	1461180236	35	1485	1520	1446
Wed Apr 20 15:25:04 2016	1461180304	35	1486	1522	1448
Wed Apr 20 15:26:33 2016	1461180393	35	1487	1523	1449
Wed Apr 20 15:24:10 2016	1461180250	35	1489	1524	1450
Wed Apr 20 15:14:20 2016	1461179660	35	1491	1527	1453
Wed Apr 20 15:23:56 2016	1461180236	36	1491	1527	1453
Wed Apr 20 15:13:53 2016	1461179633	35	1493	1528	1449
Wed Apr 20 15:24:24 2016	1461180264	36	1496	1531	1457
Wed Apr 20 15:22:57 2016	1461180177	35	1496	1532	1458
Wed Apr 20 15:12:21 2016	1461179541	36	1498	1534	1459
Wed Apr 20 15:11:21 2016	1461179481	35	1499	1534	1461
Wed Apr 20 15:19:38 2016	1461179978	36	1499	1536	1460
Wed Apr 20 15:26:56 2016	1461180416	36	1500	1536	1462
Wed Apr 20 15:23:56 2016	1461180236	35	1501	1537	1463
Wed Apr 20 15:26:56 2016	1461180416	36	1501	1537	1462
Wed Apr 20 15:17:41 2016	1461179861	35	1502	1537	1464
Wed Apr 20 15:18:10 2016	1461179890	36	1502	1538	1463
Wed Apr 20 15:24:25 2016	1461180265	36	1502	1538	1464
Wed Apr 20 15:14:20 2016	1461179660	36	1503	1539	1464
Wed Apr 20 15:24:25 2016	1461180265	37	1502	1540	1464
Wed Apr 20 15:25:21 2016	1461180321	37	1503	1541	1464
Wed Apr 20 15:24:51 2016	1461180291	35	1506	1541	1467
Wed Apr 20 15:17:07 2016	1461179827	36	1506	1542	1468
Wed Apr 20 15:21:05 2016	1461180065	35	1509	1544	1471
Wed Apr 20 15:25:53 2016	1461180353	35	1511	1546	1473
Wed Apr 20 15:24:38 2016	1461180278	36	1511	1547	1473
Wed Apr 20 15:16:57 2016	1461179817	36	1511	1547	1473
Wed Apr 20 15:25:21 2016	1461180321	36	1513	1548	1474
Wed Apr 20 15:15:38 2016	1461179738	35	1517	1552	1478
Wed Apr 20 15:16:19 2016	1461179779	47	1510	1557	1472
Wed Apr 20 15:24:51 2016	1461180291	36	1522	1558	1483
Wed Apr 20 15:11:34 2016	1461179494	35	1523	1558	1484
Wed Apr 20 15:26:56 2016	1461180416	35	1523	1558	1485
Wed Apr 20 15:24:24 2016	1461180264	36	1527	1562	1488
Wed Apr 20 15:25:21 2016	1461180321	35	1529	1564	1490
Wed Apr 20 15:21:49 2016	1461180109	35	1538	1573	1499
Wed Apr 20 15:21:20 2016	1461180080	35	1538	1573	1500
Wed Apr 20 15:15:25 2016	1461179725	35	1542	1577	1503
Wed Apr 20 15:14:44 2016	1461179684	36	1544	1579	1505
Wed Apr 20 15:21:49 2016	1461180109	36	1544	1579	1505
Wed Apr 20 15:15:11 2016	1461179711	36	1544	1580	1505
Wed Apr 20 15:17:41 2016	1461179861	35	1545	1581	1507
Wed Apr 20 15:17:12 2016	1461179832	35	1546	1582	1508
Wed Apr 20 15:17:22 2016	1461179842	36	1550	1586	1511
Wed Apr 20 15:23:28 2016	1461180208	35	1550	1586	1512
Wed Apr 20 15:23:56 2016	1461180236	36	1553	1589	1514
Wed Apr 20 15:17:27 2016	1461179847	36	1555	1590	1516
Wed Apr 20 15:26:56 2016	1461180416	36	1556	1592	1518
Wed Apr 20 15:25:21 2016	1461180321	35	1557	1592	1519
Wed Apr 20 15:14:56 2016	1461179696	35	1558	1594	1520
Wed Apr 20 15:20:30 2016	1461180030	35	1559	1594	1521
Wed Apr 20 15:16:19 2016	1461179779	45	1550	1594	1508
Wed Apr 20 15:11:59 2016	1461179519	35	1560	1595	1522
Wed Apr 20 15:23:56 2016	1461180236	35	1565	1600	1526
Wed Apr 20 15:20:29 2016	1461180029	36	1566	1602	1528
Wed Apr 20 15:13:39 2016	1461179619	35	1568	1603	1529
Wed Apr 20 15:23:29 2016	1461180209	35	1568	1603	1529
Wed Apr 20 15:13:25 2016	1461179605	35	1569	1604	1529
Wed Apr 20 15:16:31 2016	1461179791	35	1569	1604	1531
Wed Apr 20 15:21:50 2016	1461180110	36	1569	1604	1530
Wed Apr 20 15:19:38 2016	1461179978	36	1570	1606	1531
Wed Apr 20 15:19:24 2016	1461179964	36	1570	1606	1532
Wed Apr 20 15:26:33 2016	1461180393	35	1572	1607	1533
Wed Apr 20 15:25:36 2016	1461180336	35	1573	1609	1535
Wed Apr 20 15:23:29 2016	1461180209	36	1573	1609	1534
Wed Apr 20 15:14:20 2016	1461179660	36	1575	1611	1536
Wed Apr 20 15:14:20 2016	1461179660	36	1578	1613	1539
Wed Apr 20 15:23:29 2016	1461180209	37	1576	1614	1538
Wed Apr 20 15:20:29 2016	1461180029	36	1578	1614	1539
Wed Apr 20 15:24:52 2016	1461180292	35	1579	1614	1540
Wed Apr 20 15:21:50 2016	1461180110	36	1580	1616	1542
Wed Apr 20 15:26:56 2016	1461180416	35	1584	1619	1546
Wed Apr 20 15:26:56 2016	1461180416	36	1585	1620	1546
Wed Apr 20 15:26:56 2016	1461180416	36	1586	1622	1548
Wed Apr 20 15:12:12 2016	1461179532	35	1587	1622	1549
Wed Apr 20 15:25:06 2016	1461180306	36	1586	1622	1548
Wed Apr 20 15:15:48 2016	1461179748	36	1587	1623	1548
Wed Apr 20 15:24:38 2016	1461180278	35	1588	1623	1549
Wed Apr 20 15:26:32 2016	1461180392	36	1588	1624	1549
Wed Apr 20 15:23:56 2016	1461180236	36	1588	1624	1549
Wed Apr 20 15:21:50 2016	1461180110	35	1589	1624	1550
Wed Apr 20 15:25:06 2016	1461180306	35	1589	1624	1551
Wed Apr 20 15:20:29 2016	1461180029	36	1591	1627	1552
Wed Apr 20 15:24:38 2016	1461180278	36	1590	1627	1552
Wed Apr 20 15:26:32 2016	1461180392	35	1592	1627	1554
Wed Apr 20 15:26:31 2016	1461180391	35	1592	1628	1554
Wed Apr 20 15:11:21 2016	1461179481	35	1593	1629	1555
Wed Apr 20 15:21:50 2016	1461180110	35	1594	1629	1555
Wed Apr 20 15:19:38 2016	1461179978	35	1597	1632	1559
Wed Apr 20 15:23:13 2016	1461180193	35	1600	1636	1562
Wed Apr 20 15:26:32 2016	1461180392	35	1600	1636	1562
Wed Apr 20 15:26:32 2016	1461180392	36	1600	1636	1562
Wed Apr 20 15:14:44 2016	1461179684	35	1601	1636	1562
Wed Apr 20 15:16:31 2016	1461179791	35	1602	1637	1563
Wed Apr 20 15:17:27 2016	1461179847	37	1601	1638	1563
Wed Apr 20 15:24:25 2016	1461180265	35	1604	1639	1561
Wed Apr 20 15:17:27 2016	1461179847	36	1605	1640	1566
Wed Apr 20 15:20:29 2016	1461180029	35	1606	1641	1566
Wed Apr 20 15:20:29 2016	1461180029	36	1605	1641	1561
Wed Apr 20 15:26:32 2016	1461180392	36	1605	1641	1567
Wed Apr 20 15:23:07 2016	1461180187	36	1608	1644	1569
Wed Apr 20 15:26:32 2016	1461180392	35	1609	1645	1571
Wed Apr 20 15:25:21 2016	1461180321	35	1612	1648	1574
Wed Apr 20 15:14:32 2016	1461179672	35	1616	1651	1577
Wed Apr 20 15:19:38 2016	1461179978	36	1617	1653	1578
Wed Apr 20 15:19:38 2016	1461179978	35	1617	1653	1579
Wed Apr 20 15:13:10 2016	1461179590	36	1618	1653	1579
Wed Apr 20 15:17:07 2016	1461179827	36	1618	1654	1579
Wed Apr 20 15:24:10 2016	1461180250	36	1619	1655	1580
Wed Apr 20 15:25:06 2016	1461180306	35	1620	1655	1582
Wed Apr 20 15:14:32 2016	1461179672	36	1621	1656	1582
Wed Apr 20 15:23:28 2016	1461180208	35	1624	1659	1585
Wed Apr 20 15:13:39 2016	1461179619	35	1626	1661	1587
Wed Apr 20 15:19:38 2016	1461179978	35	1626	1661	1587
Wed Apr 20 15:12:56 2016	1461179576	36	1628	1664	1589
Wed Apr 20 15:15:11 2016	1461179711	35	1629	1664	1591
Wed Apr 20 15:15:53 2016	1461179753	35	1631	1666	1592
Wed Apr 20 15:17:12 2016	1461179832	35	1632	1668	1594
Wed Apr 20 15:15:38 2016	1461179738	35	1633	1668	1594
Wed Apr 20 15:17:42 2016	1461179862	35	1633	1668	1595
Wed Apr 20 15:22:19 2016	1461180139	35	1634	1669	1595
Wed Apr 20 15:24:25 2016	1461180265	35	1636	1672	1598
Wed Apr 20 15:26:32 2016	1461180392	35	1637	1672	1598
Wed Apr 20 15:14:20 2016	1461179660	36	1638	1674	1600
Wed Apr 20 15:19:38 2016	1461179978	35	1639	1674	1600
Wed Apr 20 15:22:19 2016	1461180139	36	1641	1677	1602
Wed Apr 20 15:16:44 2016	1461179804	35	1641	1677	1603
Wed Apr 20 15:23:13 2016	1461180193	36	1641	1677	1602
Wed Apr 20 15:25:04 2016	1461180304	36	1642	1678	1604
Wed Apr 20 15:25:21 2016	1461180321	36	1644	1680	1606
Wed Apr 20 15:16:31 2016	1461179791	35	1648	1683	1609
Wed Apr 20 15:24:25 2016	1461180265	36	1647	1684	1608
Wed Apr 20 15:23:28 2016	1461180208	35	1651	1686	1612
Wed Apr 20 15:23:28 2016	1461180208	35	1659	1695	1621
Wed Apr 20 15:25:36 2016	1461180336	35	1664	1699	1626
Wed Apr 20 15:18:10 2016	1461179890	35	1664	1699	1625
Wed Apr 20 15:24:10 2016	1461180250	35	1665	1700	1626
Wed Apr 20 15:24:10 2016	1461180250	35	1666	1702	1625
Wed Apr 20 15:23:28 2016	1461180208	36	1666	1702	1628
Wed Apr 20 15:24:38 2016	1461180278	36	1668	1704	1629
Wed Apr 20 15:22:57 2016	1461180177	36	1670	1706	1632
Wed Apr 20 15:18:10 2016	1461179890	36	1671	1706	1632
Wed Apr 20 15:24:24 2016	1461180264	35	1675	1711	1637
Wed Apr 20 15:11:46 2016	1461179506	37	1676	1713	1637
Wed Apr 20 15:25:06 2016	1461180306	35	1678	1713	1640
Wed Apr 20 15:23:29 2016	1461180209	36	1682	1718	1643
Wed Apr 20 15:13:53 2016	1461179633	35	1683	1718	1644
Wed Apr 20 15:24:24 2016	1461180264	36	1683	1719	1645
Wed Apr 20 15:22:57 2016	1461180177	36	1684	1720	1646
Wed Apr 20 15:21:20 2016	1461180080	35	1685	1720	1647
Wed Apr 20 15:24:24 2016	1461180264	36	1687	1723	1649
Wed Apr 20 15:19:51 2016	1461179991	35	1689	1724	1650
Wed Apr 20 15:24:52 2016	1461180292	35	1691	1726	1653
Wed Apr 20 15:17:12 2016	1461179832	37	1691	1727	1652
Wed Apr 20 15:21:20 2016	1461180080	36	1693	1729	1655
Wed Apr 20 15:15:53 2016	1461179753	35	1695	1731	1656
Wed Apr 20 15:24:10 2016	1461180250	36	1697	1732	1658
Wed Apr 20 15:13:10 2016	1461179590	35	1698	1733	1659
Wed Apr 20 15:14:07 2016	1461179647	35	1701	1737	1663
Wed Apr 20 15:14:32 2016	1461179672	36	1704	1740	1665
Wed Apr 20 15:24:11 2016	1461180251	35	1705	1740	1666
Wed Apr 20 15:14:56 2016	1461179696	35	1705	1741	1667
Wed Apr 20 15:24:38 2016	1461180278	35	1706	1741	1667
Wed Apr 20 15:13:39 2016	1461179619	35	1706	1742	1668
Wed Apr 20 15:21:33 2016	1461180093	36	1708	1743	1669
Wed Apr 20 15:12:13 2016	1461179533	36	1709	1744	1670
Wed Apr 20 15:17:12 2016	1461179832	35	1713	1748	1674
Wed Apr 20 15:25:05 2016	1461180305	36	1712	1748	1673
Wed Apr 20 15:21:02 2016	1461180062	35	1714	1750	1676
Wed Apr 20 15:24:38 2016	1461180278	35	1714	1750	1676
Wed Apr 20 15:13:25 2016	1461179605	35	1715	1750	1676
Wed Apr 20 15:14:32 2016	1461179672	35	1717	1752	1678
Wed Apr 20 15:16:57 2016	1461179817	36	1717	1752	1678
Wed Apr 20 15:12:00 2016	1461179520	36	1717	1752	1679
Wed Apr 20 15:17:27 2016	1461179847	37	1717	1754	1679
Wed Apr 20 15:12:13 2016	1461179533	35	1720	1755	1681
Wed Apr 20 15:12:00 2016	1461179520	35	1722	1757	1683
Wed Apr 20 15:12:00 2016	1461179520	35	1724	1759	1686
Wed Apr 20 15:15:25 2016	1461179725	35	1724	1760	1686
Wed Apr 20 15:12:00 2016	1461179520	35	1725	1760	1686
Wed Apr 20 15:11:59 2016	1461179519	36	1725	1760	1686
Wed Apr 20 15:12:13 2016	1461179533	36	1725	1760	1686
Wed Apr 20 15:22:54 2016	1461180174	35	1727	1762	1689
Wed Apr 20 15:22:57 2016	1461180177	35	1727	1763	1689
Wed Apr 20 15:11:59 2016	1461179519	35	1729	1764	1690
Wed Apr 20 15:12:12 2016	1461179532	35	1729	1764	1690
Wed Apr 20 15:12:12 2016	1461179532	35	1733	1768	1694
Wed Apr 20 15:25:21 2016	1461180321	36	1732	1768	1694
Wed Apr 20 15:12:12 2016	1461179532	35	1733	1768	1694
Wed Apr 20 15:13:53 2016	1461179633	36	1733	1769	1694
Wed Apr 20 15:15:11 2016	1461179711	35	1736	1772	1698
Wed Apr 20 15:14:44 2016	1461179684	36	1740	1776	1701
Wed Apr 20 15:25:05 2016	1461180305	36	1740	1776	1701
Wed Apr 20 15:17:27 2016	1461179847	36	1741	1776	1702
Wed Apr 20 15:12:12 2016	1461179532	35	1741	1776	1702
Wed Apr 20 15:17:27 2016	1461179847	37	1746	1783	1708
Wed Apr 20 15:17:27 2016	1461179847	36	1748	1784	1709
Wed Apr 20 15:13:39 2016	1461179619	36	1749	1785	1711
Wed Apr 20 15:15:38 2016	1461179738	35	1751	1787	1713
Wed Apr 20 15:12:42 2016	1461179562	53	1734	1787	1669
Wed Apr 20 15:11:35 2016	1461179495	36	1752	1787	1713
Wed Apr 20 15:21:33 2016	1461180093	36	1753	1789	1707
Wed Apr 20 15:11:35 2016	1461179495	38	1751	1789	1712
Wed Apr 20 15:18:56 2016	1461179936	36	1754	1790	1715
Wed Apr 20 15:15:53 2016	1461179753	37	1758	1795	1718
Wed Apr 20 15:25:04 2016	1461180304	36	1760	1795	1721
Wed Apr 20 15:14:44 2016	1461179684	35	1760	1796	1722
Wed Apr 20 15:11:35 2016	1461179495	36	1760	1796	1721
Wed Apr 20 15:11:35 2016	1461179495	36	1762	1798	1724
Wed Apr 20 15:25:05 2016	1461180305	36	1765	1801	1726
Wed Apr 20 15:24:11 2016	1461180251	35	1769	1804	1730
Wed Apr 20 15:11:59 2016	1461179519	36	1772	1808	1733
Wed Apr 20 15:11:35 2016	1461179495	35	1774	1809	1736
Wed Apr 20 15:13:53 2016	1461179633	35	1774	1809	1735
Wed Apr 20 15:24:11 2016	1461180251	36	1775	1811	1736
Wed Apr 20 15:25:05 2016	1461180305	36	1775	1811	1737
Wed Apr 20 15:25:05 2016	1461180305	36	1777	1813	1738
Wed Apr 20 15:11:34 2016	1461179494	35	1779	1814	1740
Wed Apr 20 15:22:20 2016	1461180140	35	1780	1815	1738
Wed Apr 20 15:17:06 2016	1461179826	35	1780	1815	1742
Wed Apr 20 15:18:10 2016	1461179890	36	1781	1817	1743
Wed Apr 20 15:25:05 2016	1461180305	35	1783	1819	1745
Wed Apr 20 15:11:34 2016	1461179494	36	1784	1819	1745
Wed Apr 20 15:15:48 2016	1461179748	36	1789	1825	1751
Wed Apr 20 15:19:24 2016	1461179964	36	1791	1827	1752
Wed Apr 20 15:21:33 2016	1461180093	36	1792	1827	1753
Wed Apr 20 15:13:39 2016	1461179619	36	1797	1833	1758
Wed Apr 20 15:25:37 2016	1461180337	36	1800	1836	1761
Wed Apr 20 15:15:25 2016	1461179725	35	1803	1838	1764
Wed Apr 20 15:15:48 2016	1461179748	35	1804	1840	1766
Wed Apr 20 15:15:53 2016	1461179753	36	1809	1845	1768
Wed Apr 20 15:18:10 2016	1461179890	35	1816	1851	1777
Wed Apr 20 15:26:29 2016	1461180389	36	1816	1852	1777
Wed Apr 20 15:16:31 2016	1461179791	35	1817	1852	1778
Wed Apr 20 15:13:53 2016	1461179633	35	1821	1857	1782
Wed Apr 20 15:15:53 2016	1461179753	35	1822	1857	1783
Wed Apr 20 15:22:57 2016	1461180177	36	1821	1858	1783
Wed Apr 20 15:22:19 2016	1461180139	36	1822	1859	1783
Wed Apr 20 15:22:03 2016	1461180123	35	1826	1861	1788
Wed Apr 20 15:21:33 2016	1461180093	36	1833	1869	1794
Wed Apr 20 15:14:07 2016	1461179647	35	1837	1872	1798
Wed Apr 20 15:22:20 2016	1461180140	36	1837	1872	1794
Wed Apr 20 15:22:20 2016	1461180140	35	1838	1873	1800
Wed Apr 20 15:15:53 2016	1461179753	36	1838	1873	1799
Wed Apr 20 15:17:42 2016	1461179862	36	1839	1875	1800
Wed Apr 20 15:12:57 2016	1461179577	167	1710	1877	1671
Wed Apr 20 15:22:20 2016	1461180140	35	1845	1880	1806
Wed Apr 20 15:15:25 2016	1461179725	36	1847	1883	1808
Wed Apr 20 15:25:37 2016	1461180337	35	1849	1884	1810
Wed Apr 20 15:22:20 2016	1461180140	36	1852	1888	1814
Wed Apr 20 15:11:47 2016	1461179507	36	1854	1890	1815
Wed Apr 20 15:13:53 2016	1461179633	36	1855	1891	1817
Wed Apr 20 15:17:42 2016	1461179862	35	1856	1891	1817
Wed Apr 20 15:21:34 2016	1461180094	35	1857	1893	1818
Wed Apr 20 15:18:10 2016	1461179890	35	1858	1893	1819
Wed Apr 20 15:13:40 2016	1461179620	35	1862	1897	1823
Wed Apr 20 15:21:33 2016	1461180093	35	1862	1898	1824
Wed Apr 20 15:21:34 2016	1461180094	35	1864	1900	1826
Wed Apr 20 15:19:25 2016	1461179965	36	1864	1900	1826
Wed Apr 20 15:21:34 2016	1461180094	36	1864	1900	1826
Wed Apr 20 15:19:25 2016	1461179965	36	1865	1901	1826
Wed Apr 20 15:19:25 2016	1461179965	36	1865	1901	1827
Wed Apr 20 15:12:57 2016	1461179577	235	1667	1902	1628
Wed Apr 20 15:26:41 2016	1461180401	38	1868	1906	1830
Wed Apr 20 15:19:25 2016	1461179965	35	1873	1909	1835
Wed Apr 20 15:12:26 2016	1461179546	36	1873	1910	1835
Wed Apr 20 15:16:06 2016	1461179766	36	1874	1910	1836
Wed Apr 20 15:21:34 2016	1461180094	36	1881	1916	1842
Wed Apr 20 15:19:25 2016	1461179965	35	1885	1920	1846
Wed Apr 20 15:11:47 2016	1461179507	36	1884	1920	1845
Wed Apr 20 15:15:11 2016	1461179711	35	1885	1920	1846
Wed Apr 20 15:22:19 2016	1461180139	36	1885	1921	1846
Wed Apr 20 15:19:24 2016	1461179964	35	1889	1924	1850
Wed Apr 20 15:19:25 2016	1461179965	35	1890	1925	1850
Wed Apr 20 15:19:25 2016	1461179965	35	1896	1931	1857
Wed Apr 20 15:12:57 2016	1461179577	36	1896	1932	1856
Wed Apr 20 15:13:40 2016	1461179620	35	1899	1934	1860
Wed Apr 20 15:11:22 2016	1461179482	35	1907	1942	1869
Wed Apr 20 15:11:22 2016	1461179482	35	1912	1947	1873
Wed Apr 20 15:14:07 2016	1461179647	36	1912	1947	1873
Wed Apr 20 15:19:51 2016	1461179991	35	1913	1948	1874
Wed Apr 20 15:11:21 2016	1461179481	35	1913	1949	1875
Wed Apr 20 15:11:22 2016	1461179482	36	1915	1951	1877
Wed Apr 20 15:11:47 2016	1461179507	35	1916	1952	1878
Wed Apr 20 15:26:15 2016	1461180375	36	1919	1955	1880
Wed Apr 20 15:11:47 2016	1461179507	35	1921	1956	1882
Wed Apr 20 15:11:22 2016	1461179482	36	1921	1956	1882
Wed Apr 20 15:11:47 2016	1461179507	35	1921	1956	1883
Wed Apr 20 15:11:47 2016	1461179507	35	1922	1957	1883
Wed Apr 20 15:22:57 2016	1461180177	35	1924	1960	1886
Wed Apr 20 15:19:51 2016	1461179991	36	1924	1960	1885
Wed Apr 20 15:21:05 2016	1461180065	36	1925	1961	1887
Wed Apr 20 15:16:06 2016	1461179766	36	1928	1964	1888
Wed Apr 20 15:22:57 2016	1461180177	35	1931	1967	1893
Wed Apr 20 15:14:07 2016	1461179647	36	1933	1968	1894
Wed Apr 20 15:15:39 2016	1461179739	35	1937	1972	1899
Wed Apr 20 15:14:07 2016	1461179647	37	1936	1973	1898
Wed Apr 20 15:11:22 2016	1461179482	35	1939	1974	1900
Wed Apr 20 15:15:11 2016	1461179711	35	1940	1976	1900
Wed Apr 20 15:22:03 2016	1461180123	35	1941	1976	1903
Wed Apr 20 15:25:37 2016	1461180337	35	1943	1978	1904
Wed Apr 20 15:21:06 2016	1461180066	35	1945	1980	1906
Wed Apr 20 15:13:11 2016	1461179591	35	1945	1980	1906
Wed Apr 20 15:16:06 2016	1461179766	36	1952	1987	1912
Wed Apr 20 15:21:05 2016	1461180065	35	1954	1989	1916
Wed Apr 20 15:14:07 2016	1461179647	36	1956	1991	1917
Wed Apr 20 15:25:37 2016	1461180337	35	1956	1992	1918
Wed Apr 20 15:16:06 2016	1461179766	36	1965	2001	1927
Wed Apr 20 15:13:53 2016	1461179633	35	1967	2002	1928
Wed Apr 20 15:14:07 2016	1461179647	36	1973	2009	1934
Wed Apr 20 15:13:25 2016	1461179605	36	1976	2011	1937
Wed Apr 20 15:22:04 2016	1461180124	36	1976	2011	1937
Wed Apr 20 15:25:38 2016	1461180338	36	1976	2012	1935
Wed Apr 20 15:26:53 2016	1461180413	35	1977	2012	1939
Wed Apr 20 15:14:07 2016	1461179647	36	1980	2016	1941
Wed Apr 20 15:21:05 2016	1461180065	36	1980	2016	1942
Wed Apr 20 15:22:03 2016	1461180123	35	1981	2017	1943
Wed Apr 20 15:11:22 2016	1461179482	35	1985	2020	1947
Wed Apr 20 15:19:51 2016	1461179991	35	1986	2022	1948
Wed Apr 20 15:22:04 2016	1461180124	35	1989	2024	1950
Wed Apr 20 15:21:05 2016	1461180065	36	1993	2029	1954
Wed Apr 20 15:16:06 2016	1461179766	35	1994	2030	1956
Wed Apr 20 15:16:06 2016	1461179766	35	1996	2031	1957
Wed Apr 20 15:21:05 2016	1461180065	35	1997	2032	1958
Wed Apr 20 15:25:38 2016	1461180338	35	1997	2032	1950
Wed Apr 20 15:25:38 2016	1461180338	35	1998	2034	1960
Wed Apr 20 15:25:38 2016	1461180338	35	2003	2038	1964
Wed Apr 20 15:16:06 2016	1461179766	35	2005	2041	1965
Wed Apr 20 15:23:15 2016	1461180195	35	2007	2042	1968
Wed Apr 20 15:24:47 2016	1461180287	36	2007	2043	1968
Wed Apr 20 15:15:12 2016	1461179712	35	2012	2047	1973
Wed Apr 20 15:21:05 2016	1461180065	35	2013	2048	1974
Wed Apr 20 15:23:15 2016	1461180195	35	2020	2056	1982
Wed Apr 20 15:13:25 2016	1461179605	35	2023	2059	1985
Wed Apr 20 15:22:58 2016	1461180178	35	2033	2068	1994
Wed Apr 20 15:16:31 2016	1461179791	35	2034	2070	1996
Wed Apr 20 15:22:58 2016	1461180178	36	2036	2072	1997
Wed Apr 20 15:22:03 2016	1461180123	35	2039	2075	2001
Wed Apr 20 15:25:37 2016	1461180337	35	2041	2076	2002
Wed Apr 20 15:13:25 2016	1461179605	36	2048	2084	2009
Wed Apr 20 15:25:37 2016	1461180337	35	2058	2094	2020
Wed Apr 20 15:23:13 2016	1461180193	35	2061	2097	2023
Wed Apr 20 15:25:37 2016	1461180337	35	2064	2099	2026
Wed Apr 20 15:13:25 2016	1461179605	35	2067	2102	2028
Wed Apr 20 15:22:03 2016	1461180123	35	2068	2103	2030
Wed Apr 20 15:25:49 2016	1461180349	36	2074	2110	2035
Wed Apr 20 15:22:03 2016	1461180123	36	2076	2112	2038
Wed Apr 20 15:23:15 2016	1461180195	36	2084	2120	2045
Wed Apr 20 15:22:03 2016	1461180123	36	2085	2121	2046
Wed Apr 20 15:22:58 2016	1461180178	36	2101	2136	2062
Wed Apr 20 15:13:25 2016	1461179605	36	2129	2165	2090
Wed Apr 20 15:23:13 2016	1461180193	36	2130	2165	2091
Wed Apr 20 15:18:10 2016	1461179890	35	2136	2171	2097
Wed Apr 20 15:13:11 2016	1461179591	36	2137	2173	2098
Wed Apr 20 15:13:26 2016	1461179606	36	2144	2180	2106
Wed Apr 20 15:20:00 2016	1461180000	36	2146	2182	2107
Wed Apr 20 15:13:26 2016	1461179606	35	2156	2191	2117
Wed Apr 20 15:12:42 2016	1461179562	57	2139	2196	2075
Wed Apr 20 15:23:14 2016	1461180194	35	2164	2200	2126
Wed Apr 20 15:23:14 2016	1461180194	36	2169	2205	2130
Wed Apr 20 15:13:11 2016	1461179591	35	2177	2213	2139
Wed Apr 20 15:12:57 2016	1461179577	35	2188	2224	2148
Wed Apr 20 15:23:14 2016	1461180194	36	2200	2236	2162
Wed Apr 20 15:12:26 2016	1461179546	36	2201	2237	2146
Wed Apr 20 15:23:14 2016	1461180194	36	2209	2245	2170
Wed Apr 20 15:18:11 2016	1461179891	37	2211	2248	2172
Wed Apr 20 15:12:57 2016	1461179577	35	2228	2263	2189
Wed Apr 20 15:18:11 2016	1461179891	36	2231	2267	2193
Wed Apr 20 15:23:14 2016	1461180194	35	2240	2275	2201
Wed Apr 20 15:12:57 2016	1461179577	35	2266	2301	2228
Wed Apr 20 15:12:57 2016	1461179577	35	2269	2305	2230
Wed Apr 20 15:12:57 2016	1461179577	36	2275	2311	2236
Wed Apr 20 15:13:11 2016	1461179591	36	2282	2317	2243
Wed Apr 20 15:13:11 2016	1461179591	38	2302	2339	2263
Wed Apr 20 15:13:11 2016	1461179591	35	2342	2378	2304
Wed Apr 20 15:19:20 2016	1461179960	35	2347	2382	2309
Wed Apr 20 15:12:43 2016	1461179563	55	2360	2415	2294
Wed Apr 20 15:12:43 2016	1461179563	58	2408	2466	2347
Wed Apr 20 15:27:05 2016	1461180425	36	2432	2467	2393
Wed Apr 20 15:12:43 2016	1461179563	57	2416	2473	2351
Wed Apr 20 15:23:51 2016	1461180231	35	2438	2474	2400
Wed Apr 20 15:12:43 2016	1461179563	55	2456	2511	2396
Wed Apr 20 15:12:27 2016	1461179547	36	2484	2520	2435
Wed Apr 20 15:12:43 2016	1461179563	59	2468	2527	2403
Wed Apr 20 15:12:43 2016	1461179563	59	2470	2529	2404
Wed Apr 20 15:12:43 2016	1461179563	55	2483	2538	2418
Wed Apr 20 15:12:43 2016	1461179563	54	2497	2551	2432
Wed Apr 20 15:12:27 2016	1461179547	35	2556	2591	2507
Wed Apr 20 15:12:27 2016	1461179547	35	2559	2595	2509
Wed Apr 20 15:12:27 2016	1461179547	35	2562	2597	2511
Wed Apr 20 15:12:27 2016	1461179547	37	2593	2630	2544
Wed Apr 20 15:12:27 2016	1461179547	36	2598	2633	2544
Wed Apr 20 15:12:27 2016	1461179547	36	2597	2633	2550
Wed Apr 20 15:12:27 2016	1461179547	38	2619	2657	2570
Wed Apr 20 15:26:46 2016	1461180406	35	6070	6105	6026
Wed Apr 20 15:26:45 2016	1461180405	35	6234	6269	6195
Wed Apr 20 15:26:45 2016	1461180405	36	6252	6288	6214
Wed Apr 20 15:26:45 2016	1461180405	35	6253	6289	6214
Wed Apr 20 15:26:45 2016	1461180405	36	6259	6295	6221
Wed Apr 20 15:26:46 2016	1461180406	36	6261	6297	6222
Wed Apr 20 15:26:46 2016	1461180406	36	6284	6320	6246
Wed Apr 20 15:26:46 2016	1461180406	36	6285	6320	6246
Wed Apr 20 15:26:46 2016	1461180406	36	6289	6325	6248
Wed Apr 20 15:26:46 2016	1461180406	35	6316	6352	6278
Wed Apr 20 15:26:34 2016	1461180394	35	6448	6483	6409
Wed Apr 20 15:26:34 2016	1461180394	35	6537	6572	6498
Wed Apr 20 15:26:34 2016	1461180394	35	6546	6582	6508
Wed Apr 20 15:22:47 2016	1461180167	36	6585	6621	6546
Wed Apr 20 15:22:47 2016	1461180167	35	6633	6668	6594
Wed Apr 20 15:18:38 2016	1461179918	37	6637	6674	6598
Wed Apr 20 15:22:47 2016	1461180167	36	6677	6712	6638
Wed Apr 20 15:26:34 2016	1461180394	35	6685	6720	6647
Wed Apr 20 15:22:47 2016	1461180167	36	6693	6728	6654
Wed Apr 20 15:18:27 2016	1461179907	35	6700	6735	6661
Wed Apr 20 15:18:27 2016	1461179907	35	6702	6738	6664
Wed Apr 20 15:18:38 2016	1461179918	35	6706	6741	6667
Wed Apr 20 15:18:27 2016	1461179907	35	6717	6752	6679
Wed Apr 20 15:18:38 2016	1461179918	37	6729	6766	6690
Wed Apr 20 15:22:47 2016	1461180167	36	6735	6771	6697
Wed Apr 20 15:18:38 2016	1461179918	36	6736	6771	6697
Wed Apr 20 15:22:47 2016	1461180167	35	6748	6783	6710
Wed Apr 20 15:18:26 2016	1461179906	36	6753	6789	6714
Wed Apr 20 15:26:33 2016	1461180393	36	6760	6795	6721
Wed Apr 20 15:26:33 2016	1461180393	36	6767	6802	6728
Wed Apr 20 15:26:33 2016	1461180393	35	6768	6803	6729
Wed Apr 20 15:26:33 2016	1461180393	35	6786	6821	6746
Wed Apr 20 15:20:31 2016	1461180031	36	6789	6824	6745
Wed Apr 20 15:18:26 2016	1461179906	36	6788	6824	6750
Wed Apr 20 15:20:55 2016	1461180055	36	6794	6829	6752
Wed Apr 20 15:26:33 2016	1461180393	35	6808	6844	6769
Wed Apr 20 15:18:26 2016	1461179906	35	6814	6850	6776
Wed Apr 20 15:26:33 2016	1461180393	36	6818	6853	6779
Wed Apr 20 15:18:38 2016	1461179918	35	6824	6860	6786
Wed Apr 20 15:22:47 2016	1461180167	35	6837	6872	6798
Wed Apr 20 15:18:26 2016	1461179906	36	6845	6880	6806
Wed Apr 20 15:26:57 2016	1461180417	36	6847	6883	6808
Wed Apr 20 15:26:57 2016	1461180417	36	6857	6893	6818
Wed Apr 20 15:22:46 2016	1461180166	36	6876	6912	6837
Wed Apr 20 15:18:26 2016	1461179906	35	6889	6925	6851
Wed Apr 20 15:18:26 2016	1461179906	35	6906	6941	6862
Wed Apr 20 15:22:46 2016	1461180166	35	6913	6948	6874
Wed Apr 20 15:22:35 2016	1461180155	36	6925	6961	6886
Wed Apr 20 15:20:43 2016	1461180043	35	6932	6967	6894
Wed Apr 20 15:20:43 2016	1461180043	36	6935	6971	6897
Wed Apr 20 15:26:58 2016	1461180418	35	6937	6973	6899
Wed Apr 20 15:22:47 2016	1461180167	36	6951	6987	6912
Wed Apr 20 15:20:55 2016	1461180055	36	6952	6988	6914
Wed Apr 20 15:26:58 2016	1461180418	36	6954	6990	6915
Wed Apr 20 15:26:58 2016	1461180418	36	6958	6993	6919
Wed Apr 20 15:20:31 2016	1461180031	35	6958	6993	6919
Wed Apr 20 15:18:26 2016	1461179906	36	6968	7004	6929
Wed Apr 20 15:11:24 2016	1461179484	35	6978	7013	6939
Wed Apr 20 15:26:58 2016	1461180418	36	6982	7017	6943
Wed Apr 20 15:26:58 2016	1461180418	36	6982	7017	6943
Wed Apr 20 15:18:49 2016	1461179929	35	6982	7018	6944
Wed Apr 20 15:26:58 2016	1461180418	35	6984	7020	6946
Wed Apr 20 15:20:55 2016	1461180055	36	6989	7025	6950
Wed Apr 20 15:26:58 2016	1461180418	36	6993	7028	6954
Wed Apr 20 15:26:58 2016	1461180418	35	7006	7041	6967
Wed Apr 20 15:11:37 2016	1461179497	35	7009	7044	6964
Wed Apr 20 15:19:01 2016	1461179941	36	7009	7045	6970
Wed Apr 20 15:11:24 2016	1461179484	35	7011	7046	6972
Wed Apr 20 15:18:37 2016	1461179917	37	7010	7048	6972
Wed Apr 20 15:22:35 2016	1461180155	35	7016	7051	6978
Wed Apr 20 15:18:37 2016	1461179917	35	7026	7061	6987
Wed Apr 20 15:20:43 2016	1461180043	35	7031	7066	6992
Wed Apr 20 15:19:01 2016	1461179941	35	7036	7072	6998
Wed Apr 20 15:11:37 2016	1461179497	36	7038	7074	6999
Wed Apr 20 15:19:01 2016	1461179941	42	7038	7079	7000
Wed Apr 20 15:11:24 2016	1461179484	35	7046	7082	7008
Wed Apr 20 15:22:35 2016	1461180155	35	7050	7085	7011
Wed Apr 20 15:11:24 2016	1461179484	35	7068	7103	7030
Wed Apr 20 15:14:34 2016	1461179674	35	7069	7104	7030
Wed Apr 20 15:11:24 2016	1461179484	35	7069	7104	7031
Wed Apr 20 15:11:36 2016	1461179496	35	7074	7109	7036
Wed Apr 20 15:18:37 2016	1461179917	36	7074	7110	7036
Wed Apr 20 15:18:37 2016	1461179917	35	7081	7116	7042
Wed Apr 20 15:11:36 2016	1461179496	36	7084	7119	7045
Wed Apr 20 15:11:24 2016	1461179484	35	7090	7125	7051
Wed Apr 20 15:20:54 2016	1461180054	35	7092	7127	7054
Wed Apr 20 15:19:13 2016	1461179953	35	7096	7131	7057
Wed Apr 20 15:18:37 2016	1461179917	35	7106	7141	7067
Wed Apr 20 15:19:01 2016	1461179941	35	7108	7143	7070
Wed Apr 20 15:18:49 2016	1461179929	35	7110	7145	7071
Wed Apr 20 15:11:36 2016	1461179496	36	7125	7162	7086
Wed Apr 20 15:11:49 2016	1461179509	36	7126	7162	7088
Wed Apr 20 15:14:34 2016	1461179674	36	7141	7177	7102
Wed Apr 20 15:20:31 2016	1461180031	37	7143	7180	7105
Wed Apr 20 15:16:33 2016	1461179793	36	7145	7181	7106
Wed Apr 20 15:18:49 2016	1461179929	36	7149	7185	7111
Wed Apr 20 15:20:54 2016	1461180054	36	7167	7203	7128
Wed Apr 20 15:20:43 2016	1461180043	35	7168	7204	7130
Wed Apr 20 15:11:49 2016	1461179509	36	7172	7208	7133
Wed Apr 20 15:18:49 2016	1461179929	36	7182	7218	7144
Wed Apr 20 15:20:43 2016	1461180043	36	7184	7219	7145
Wed Apr 20 15:20:54 2016	1461180054	35	7185	7220	7147
Wed Apr 20 15:19:13 2016	1461179953	36	7193	7229	7154
Wed Apr 20 15:20:43 2016	1461180043	35	7205	7240	7166
Wed Apr 20 15:11:49 2016	1461179509	35	7212	7248	7174
Wed Apr 20 15:18:49 2016	1461179929	36	7212	7248	7174
Wed Apr 20 15:25:55 2016	1461180355	36	7220	7256	7182
Wed Apr 20 15:23:31 2016	1461180211	36	7221	7257	7177
Wed Apr 20 15:19:01 2016	1461179941	36	7222	7258	7184
Wed Apr 20 15:22:35 2016	1461180155	35	7228	7263	7189
Wed Apr 20 15:11:49 2016	1461179509	36	7231	7267	7192
Wed Apr 20 15:11:49 2016	1461179509	35	7232	7268	7194
Wed Apr 20 15:20:31 2016	1461180031	35	7237	7273	7198
Wed Apr 20 15:18:49 2016	1461179929	36	7244	7280	7205
Wed Apr 20 15:11:36 2016	1461179496	35	7245	7280	7207
Wed Apr 20 15:20:54 2016	1461180054	35	7248	7283	7210
Wed Apr 20 15:20:31 2016	1461180031	36	7252	7287	7213
Wed Apr 20 15:22:35 2016	1461180155	36	7252	7288	7214
Wed Apr 20 15:19:01 2016	1461179941	35	7264	7300	7225
Wed Apr 20 15:20:31 2016	1461180031	36	7264	7300	7226
Wed Apr 20 15:20:43 2016	1461180043	36	7267	7303	7229
Wed Apr 20 15:23:31 2016	1461180211	36	7270	7306	7231
Wed Apr 20 15:24:53 2016	1461180293	36	7273	7309	7234
Wed Apr 20 15:18:49 2016	1461179929	36	7282	7318	7244
Wed Apr 20 15:18:49 2016	1461179929	36	7286	7321	7247
Wed Apr 20 15:26:07 2016	1461180367	35	7293	7328	7255
Wed Apr 20 15:19:01 2016	1461179941	35	7294	7329	7256
Wed Apr 20 15:26:08 2016	1461180368	36	7295	7330	7256
Wed Apr 20 15:26:21 2016	1461180381	35	7300	7336	7262
Wed Apr 20 15:14:33 2016	1461179673	36	7303	7338	7264
Wed Apr 20 15:14:33 2016	1461179673	35	7303	7339	7264
Wed Apr 20 15:26:21 2016	1461180381	35	7306	7341	7267
Wed Apr 20 15:25:54 2016	1461180354	36	7306	7342	7268
Wed Apr 20 15:26:21 2016	1461180381	36	7311	7347	7272
Wed Apr 20 15:26:21 2016	1461180381	36	7312	7348	7274
Wed Apr 20 15:26:07 2016	1461180367	35	7313	7348	7275
Wed Apr 20 15:14:22 2016	1461179662	35	7313	7349	7275
Wed Apr 20 15:20:54 2016	1461180054	35	7317	7352	7272
Wed Apr 20 15:20:54 2016	1461180054	35	7321	7356	7276
Wed Apr 20 15:26:21 2016	1461180381	36	7324	7360	7285
Wed Apr 20 15:22:35 2016	1461180155	35	7325	7360	7286
Wed Apr 20 15:26:07 2016	1461180367	36	7327	7362	7288
Wed Apr 20 15:18:49 2016	1461179929	35	7327	7363	7286
Wed Apr 20 15:20:19 2016	1461180019	35	7333	7369	7295
Wed Apr 20 15:19:13 2016	1461179953	36	7337	7372	7298
Wed Apr 20 15:26:07 2016	1461180367	36	7337	7373	7299
Wed Apr 20 15:20:42 2016	1461180042	36	7341	7377	7303
Wed Apr 20 15:23:30 2016	1461180210	35	7345	7380	7306
Wed Apr 20 15:26:20 2016	1461180380	36	7348	7383	7309
Wed Apr 20 15:24:27 2016	1461180267	35	7350	7386	7312
Wed Apr 20 15:23:31 2016	1461180211	36	7351	7386	7312
Wed Apr 20 15:23:31 2016	1461180211	35	7353	7389	7315
Wed Apr 20 15:20:19 2016	1461180019	36	7354	7390	7316
Wed Apr 20 15:22:35 2016	1461180155	36	7357	7392	7318
Wed Apr 20 15:22:35 2016	1461180155	37	7356	7393	7317
Wed Apr 20 15:16:33 2016	1461179793	36	7359	7394	7320
Wed Apr 20 15:24:27 2016	1461180267	35	7363	7398	7324
Wed Apr 20 15:23:30 2016	1461180210	35	7365	7400	7327
Wed Apr 20 15:24:40 2016	1461180280	36	7366	7401	7327
Wed Apr 20 15:18:49 2016	1461179929	36	7366	7402	7326
Wed Apr 20 15:23:30 2016	1461180210	35	7369	7404	7330
Wed Apr 20 15:26:20 2016	1461180380	36	7370	7406	7331
Wed Apr 20 15:26:07 2016	1461180367	35	7376	7412	7338
Wed Apr 20 15:23:31 2016	1461180211	35	7377	7412	7339
Wed Apr 20 15:11:49 2016	1461179509	35	7378	7414	7340
Wed Apr 20 15:26:20 2016	1461180380	35	7380	7416	7341
Wed Apr 20 15:22:35 2016	1461180155	35	7383	7418	7345
Wed Apr 20 15:24:40 2016	1461180280	35	7387	7422	7348
Wed Apr 20 15:22:34 2016	1461180154	35	7390	7425	7351
Wed Apr 20 15:26:07 2016	1461180367	35	7393	7429	7354
Wed Apr 20 15:20:18 2016	1461180018	35	7397	7432	7358
Wed Apr 20 15:20:30 2016	1461180030	35	7401	7436	7363
Wed Apr 20 15:20:30 2016	1461180030	35	7402	7437	7364
Wed Apr 20 15:14:33 2016	1461179673	36	7406	7442	7367
Wed Apr 20 15:11:23 2016	1461179483	36	7407	7443	7368
Wed Apr 20 15:19:01 2016	1461179941	35	7414	7449	7374
Wed Apr 20 15:19:12 2016	1461179952	36	7417	7452	7378
Wed Apr 20 15:16:08 2016	1461179768	36	7417	7453	7379
Wed Apr 20 15:26:20 2016	1461180380	35	7418	7453	7379
Wed Apr 20 15:23:30 2016	1461180210	35	7418	7454	7380
Wed Apr 20 15:19:00 2016	1461179940	35	7419	7454	7378
Wed Apr 20 15:20:54 2016	1461180054	36	7420	7455	7375
Wed Apr 20 15:14:33 2016	1461179673	35	7420	7456	7382
Wed Apr 20 15:20:30 2016	1461180030	35	7429	7465	7391
Wed Apr 20 15:26:07 2016	1461180367	36	7432	7468	7394
Wed Apr 20 15:25:54 2016	1461180354	36	7433	7469	7394
Wed Apr 20 15:24:53 2016	1461180293	36	7439	7475	7400
Wed Apr 20 15:16:08 2016	1461179768	36	7441	7477	7403
Wed Apr 20 15:14:33 2016	1461179673	35	7450	7486	7412
Wed Apr 20 15:26:20 2016	1461180380	38	7448	7487	7407
Wed Apr 20 15:24:40 2016	1461180280	35	7451	7487	7413
Wed Apr 20 15:19:12 2016	1461179952	36	7452	7488	7413
Wed Apr 20 15:16:08 2016	1461179768	36	7458	7493	7419
Wed Apr 20 15:14:46 2016	1461179686	36	7465	7501	7427
Wed Apr 20 15:23:30 2016	1461180210	35	7466	7502	7427
Wed Apr 20 15:14:21 2016	1461179661	36	7466	7502	7428
Wed Apr 20 15:14:21 2016	1461179661	36	7472	7507	7433
Wed Apr 20 15:19:00 2016	1461179940	36	7472	7508	7433
Wed Apr 20 15:24:27 2016	1461180267	35	7474	7509	7436
Wed Apr 20 15:19:12 2016	1461179952	36	7482	7517	7443
Wed Apr 20 15:19:12 2016	1461179952	35	7486	7522	7448
Wed Apr 20 15:20:42 2016	1461180042	36	7489	7525	7450
Wed Apr 20 15:16:08 2016	1461179768	36	7493	7529	7455
Wed Apr 20 15:14:33 2016	1461179673	35	7495	7531	7457
Wed Apr 20 15:26:07 2016	1461180367	35	7498	7533	7459
Wed Apr 20 15:20:30 2016	1461180030	35	7499	7534	7460
Wed Apr 20 15:25:54 2016	1461180354	35	7500	7535	7461
Wed Apr 20 15:19:12 2016	1461179952	35	7510	7545	7472
Wed Apr 20 15:16:08 2016	1461179768	36	7512	7548	7473
Wed Apr 20 15:11:36 2016	1461179496	35	7512	7548	7474
Wed Apr 20 15:16:08 2016	1461179768	35	7515	7550	7477
Wed Apr 20 15:24:53 2016	1461180293	41	7509	7551	7471
Wed Apr 20 15:26:07 2016	1461180367	35	7515	7551	7477
Wed Apr 20 15:11:35 2016	1461179495	35	7517	7553	7479
Wed Apr 20 15:14:21 2016	1461179661	35	7518	7553	7478
Wed Apr 20 15:19:27 2016	1461179967	39	7521	7559	7482
Wed Apr 20 15:20:18 2016	1461180018	35	7526	7562	7488
Wed Apr 20 15:11:23 2016	1461179483	36	7528	7564	7489
Wed Apr 20 15:14:21 2016	1461179661	36	7530	7566	7492
Wed Apr 20 15:24:26 2016	1461180266	36	7544	7580	7506
Wed Apr 20 15:16:33 2016	1461179793	36	7547	7583	7509
Wed Apr 20 15:20:18 2016	1461180018	35	7551	7586	7512
Wed Apr 20 15:20:42 2016	1461180042	37	7552	7589	7513
Wed Apr 20 15:16:33 2016	1461179793	35	7554	7589	7515
Wed Apr 20 15:24:26 2016	1461180266	36	7554	7590	7515
Wed Apr 20 15:25:54 2016	1461180354	35	7556	7591	7517
Wed Apr 20 15:14:46 2016	1461179686	36	7560	7596	7522
Wed Apr 20 15:24:53 2016	1461180293	36	7561	7596	7522
Wed Apr 20 15:19:12 2016	1461179952	35	7561	7597	7522
Wed Apr 20 15:14:21 2016	1461179661	36	7562	7598	7523
Wed Apr 20 15:14:21 2016	1461179661	36	7568	7604	7529
Wed Apr 20 15:16:33 2016	1461179793	35	7574	7610	7536
Wed Apr 20 15:11:35 2016	1461179495	36	7578	7614	7539
Wed Apr 20 15:16:08 2016	1461179768	36	7585	7621	7547
Wed Apr 20 15:19:40 2016	1461179980	35	7591	7627	7553
Wed Apr 20 15:11:35 2016	1461179495	35	7593	7628	7554
Wed Apr 20 15:11:47 2016	1461179507	36	7607	7643	7568
Wed Apr 20 15:12:02 2016	1461179522	35	7613	7648	7575
Wed Apr 20 15:14:33 2016	1461179673	35	7613	7649	7575
Wed Apr 20 15:11:23 2016	1461179483	36	7617	7653	7577
Wed Apr 20 15:24:26 2016	1461180266	35	7620	7655	7581
Wed Apr 20 15:25:54 2016	1461180354	35	7621	7656	7581
Wed Apr 20 15:24:26 2016	1461180266	36	7644	7680	7605
Wed Apr 20 15:24:26 2016	1461180266	35	7646	7681	7607
Wed Apr 20 15:24:26 2016	1461180266	35	7647	7682	7607
Wed Apr 20 15:11:47 2016	1461179507	35	7649	7684	7610
Wed Apr 20 15:19:27 2016	1461179967	35	7658	7693	7619
Wed Apr 20 15:24:40 2016	1461180280	35	7658	7693	7619
Wed Apr 20 15:24:40 2016	1461180280	35	7662	7698	7623
Wed Apr 20 15:19:40 2016	1461179980	35	7664	7699	7625
Wed Apr 20 15:19:27 2016	1461179967	35	7667	7703	7629
Wed Apr 20 15:24:26 2016	1461180266	35	7668	7704	7629
Wed Apr 20 15:20:18 2016	1461180018	36	7669	7705	7630
Wed Apr 20 15:11:48 2016	1461179508	35	7673	7708	7634
Wed Apr 20 15:12:01 2016	1461179521	35	7682	7717	7643
Wed Apr 20 15:12:01 2016	1461179521	36	7686	7721	7647
Wed Apr 20 15:19:40 2016	1461179980	36	7696	7731	7655
Wed Apr 20 15:12:01 2016	1461179521	35	7698	7734	7660
Wed Apr 20 15:20:06 2016	1461180006	35	7700	7736	7665
Wed Apr 20 15:11:47 2016	1461179507	35	7701	7737	7663
Wed Apr 20 15:25:54 2016	1461180354	36	7702	7738	7663
Wed Apr 20 15:25:54 2016	1461180354	35	7704	7739	7665
Wed Apr 20 15:14:45 2016	1461179685	36	7713	7748	7674
Wed Apr 20 15:14:21 2016	1461179661	35	7713	7749	7674
Wed Apr 20 15:25:53 2016	1461180353	36	7715	7751	7676
Wed Apr 20 15:14:32 2016	1461179672	36	7720	7756	7681
Wed Apr 20 15:11:22 2016	1461179482	36	7720	7756	7679
Wed Apr 20 15:19:40 2016	1461179980	36	7728	7764	7687
Wed Apr 20 15:14:09 2016	1461179649	36	7731	7766	7692
Wed Apr 20 15:25:54 2016	1461180354	36	7744	7779	7705
Wed Apr 20 15:16:32 2016	1461179792	35	7745	7780	7706
Wed Apr 20 15:17:44 2016	1461179864	35	7745	7780	7706
Wed Apr 20 15:23:44 2016	1461180224	35	7746	7782	7708
Wed Apr 20 15:19:53 2016	1461179993	35	7748	7783	7709
Wed Apr 20 15:19:12 2016	1461179952	37	7749	7785	7710
Wed Apr 20 15:24:53 2016	1461180293	36	7750	7786	7712
Wed Apr 20 15:14:45 2016	1461179685	35	7751	7786	7712
Wed Apr 20 15:12:01 2016	1461179521	35	7758	7793	7719
Wed Apr 20 15:13:41 2016	1461179621	36	7770	7805	7731
Wed Apr 20 15:13:42 2016	1461179622	35	7774	7809	7735
Wed Apr 20 15:24:53 2016	1461180293	36	7776	7811	7737
Wed Apr 20 15:19:27 2016	1461179967	36	7776	7811	7737
Wed Apr 20 15:13:41 2016	1461179621	35	7781	7816	7742
Wed Apr 20 15:23:44 2016	1461180224	36	7786	7822	7747
Wed Apr 20 15:20:18 2016	1461180018	36	7793	7828	7754
Wed Apr 20 15:15:55 2016	1461179755	35	7793	7829	7751
Wed Apr 20 15:23:44 2016	1461180224	35	7794	7830	7756
Wed Apr 20 15:12:01 2016	1461179521	36	7801	7837	7762
Wed Apr 20 15:23:44 2016	1461180224	35	7805	7840	7766
Wed Apr 20 15:23:43 2016	1461180223	36	7806	7842	7767
Wed Apr 20 15:16:20 2016	1461179780	36	7810	7845	7771
Wed Apr 20 15:19:39 2016	1461179979	36	7811	7847	7770
Wed Apr 20 15:13:41 2016	1461179621	36	7812	7848	7774
Wed Apr 20 15:16:32 2016	1461179792	38	7813	7851	7775
Wed Apr 20 15:17:57 2016	1461179877	35	7822	7857	7783
Wed Apr 20 15:15:55 2016	1461179755	36	7826	7862	7782
Wed Apr 20 15:16:32 2016	1461179792	36	7828	7863	7789
Wed Apr 20 15:24:52 2016	1461180292	36	7829	7865	7790
Wed Apr 20 15:19:53 2016	1461179993	35	7832	7868	7794
Wed Apr 20 15:19:39 2016	1461179979	35	7833	7868	7794
Wed Apr 20 15:14:20 2016	1461179660	35	7833	7869	7794
Wed Apr 20 15:13:41 2016	1461179621	35	7835	7871	7797
Wed Apr 20 15:21:08 2016	1461180068	35	7836	7871	7798
Wed Apr 20 15:23:43 2016	1461180223	35	7840	7876	7802
Wed Apr 20 15:20:06 2016	1461180006	35	7841	7877	7806
Wed Apr 20 15:14:45 2016	1461179685	35	7843	7878	7804
Wed Apr 20 15:14:20 2016	1461179660	35	7848	7883	7809
Wed Apr 20 15:14:45 2016	1461179685	35	7852	7888	7814
Wed Apr 20 15:20:06 2016	1461180006	36	7852	7888	7815
Wed Apr 20 15:23:43 2016	1461180223	36	7857	7893	7810
Wed Apr 20 15:24:39 2016	1461180279	35	7861	7896	7822
Wed Apr 20 15:20:18 2016	1461180018	35	7862	7898	7824
Wed Apr 20 15:13:41 2016	1461179621	35	7865	7900	7826
Wed Apr 20 15:24:39 2016	1461180279	36	7865	7901	7826
Wed Apr 20 15:15:55 2016	1461179755	36	7874	7910	7831
Wed Apr 20 15:20:06 2016	1461180006	35	7877	7913	7840
Wed Apr 20 15:24:52 2016	1461180292	35	7880	7915	7841
Wed Apr 20 15:19:39 2016	1461179979	41	7874	7915	7835
Wed Apr 20 15:14:45 2016	1461179685	36	7884	7920	7845
Wed Apr 20 15:24:52 2016	1461180292	36	7884	7920	7845
Wed Apr 20 15:23:43 2016	1461180223	35	7885	7921	7846
Wed Apr 20 15:21:07 2016	1461180067	35	7891	7926	7852
Wed Apr 20 15:16:20 2016	1461179780	35	7891	7926	7852
Wed Apr 20 15:24:52 2016	1461180292	35	7892	7928	7854
Wed Apr 20 15:23:43 2016	1461180223	35	7893	7929	7855
Wed Apr 20 15:20:17 2016	1461180017	35	7894	7929	7856
Wed Apr 20 15:17:57 2016	1461179877	35	7896	7932	7858
Wed Apr 20 15:17:44 2016	1461179864	35	7899	7934	7860
Wed Apr 20 15:24:39 2016	1461180279	36	7900	7936	7861
Wed Apr 20 15:24:39 2016	1461180279	36	7901	7936	7862
Wed Apr 20 15:15:55 2016	1461179755	39	7903	7942	7857
Wed Apr 20 15:14:09 2016	1461179649	35	7908	7944	7870
Wed Apr 20 15:13:41 2016	1461179621	35	7913	7948	7874
Wed Apr 20 15:14:45 2016	1461179685	35	7917	7952	7878
Wed Apr 20 15:17:57 2016	1461179877	36	7918	7954	7874
Wed Apr 20 15:17:57 2016	1461179877	35	7922	7957	7883
Wed Apr 20 15:12:46 2016	1461179566	59	7900	7959	7861
Wed Apr 20 15:19:27 2016	1461179967	36	7928	7963	7889
Wed Apr 20 15:19:53 2016	1461179993	36	7929	7965	7889
Wed Apr 20 15:17:57 2016	1461179877	37	7932	7969	7894
Wed Apr 20 15:17:57 2016	1461179877	36	7936	7971	7897
Wed Apr 20 15:16:32 2016	1461179792	36	7941	7976	7902
Wed Apr 20 15:24:13 2016	1461180253	35	7945	7980	7907
Wed Apr 20 15:16:20 2016	1461179780	36	7946	7982	7907
Wed Apr 20 15:17:57 2016	1461179877	36	7946	7982	7908
Wed Apr 20 15:14:09 2016	1461179649	37	7953	7990	7913
Wed Apr 20 15:17:57 2016	1461179877	36	7955	7991	7916
Wed Apr 20 15:27:12 2016	1461180432	35	7958	7993	7919
Wed Apr 20 15:20:17 2016	1461180017	35	7959	7994	7920
Wed Apr 20 15:27:12 2016	1461180432	36	7965	8000	7926
Wed Apr 20 15:15:55 2016	1461179755	36	7968	8004	7925
Wed Apr 20 15:16:32 2016	1461179792	35	7973	8008	7934
Wed Apr 20 15:16:20 2016	1461179780	35	7974	8009	7936
Wed Apr 20 15:12:01 2016	1461179521	35	7981	8017	7943
Wed Apr 20 15:17:57 2016	1461179877	36	7986	8022	7948
Wed Apr 20 15:12:46 2016	1461179566	63	7966	8029	7927
Wed Apr 20 15:19:27 2016	1461179967	36	7994	8030	7956
Wed Apr 20 15:24:13 2016	1461180253	35	8006	8041	7967
Wed Apr 20 15:16:20 2016	1461179780	35	8012	8048	7974
Wed Apr 20 15:19:27 2016	1461179967	38	8012	8050	7973
Wed Apr 20 15:12:46 2016	1461179566	61	7993	8054	7955
Wed Apr 20 15:27:10 2016	1461180430	35	8025	8060	7986
Wed Apr 20 15:19:39 2016	1461179979	36	8028	8064	7989
Wed Apr 20 15:13:40 2016	1461179620	36	8032	8067	7987
Wed Apr 20 15:16:20 2016	1461179780	35	8032	8068	7994
Wed Apr 20 15:15:55 2016	1461179755	35	8035	8071	7991
Wed Apr 20 15:27:12 2016	1461180432	36	8038	8074	7999
Wed Apr 20 15:20:06 2016	1461180006	35	8045	8081	8006
Wed Apr 20 15:16:20 2016	1461179780	36	8055	8090	8016
Wed Apr 20 15:21:07 2016	1461180067	35	8064	8099	8025
Wed Apr 20 15:12:00 2016	1461179520	35	8064	8100	8026
Wed Apr 20 15:27:11 2016	1461180431	35	8066	8102	8022
Wed Apr 20 15:23:17 2016	1461180197	35	8067	8103	8029
Wed Apr 20 15:14:09 2016	1461179649	36	8068	8104	8027
Wed Apr 20 15:13:40 2016	1461179620	36	8069	8105	8031
Wed Apr 20 15:14:09 2016	1461179649	35	8074	8109	8035
Wed Apr 20 15:13:40 2016	1461179620	36	8084	8121	8045
Wed Apr 20 15:23:17 2016	1461180197	35	8088	8124	8050
Wed Apr 20 15:14:44 2016	1461179684	35	8089	8124	8050
Wed Apr 20 15:17:56 2016	1461179876	35	8093	8129	8054
Wed Apr 20 15:27:11 2016	1461180431	35	8100	8135	8061
Wed Apr 20 15:19:26 2016	1461179966	35	8100	8136	8062
Wed Apr 20 15:12:00 2016	1461179520	37	8108	8145	8069
Wed Apr 20 15:23:43 2016	1461180223	35	8111	8146	8072
Wed Apr 20 15:20:06 2016	1461180006	35	8111	8146	8072
Wed Apr 20 15:16:20 2016	1461179780	36	8110	8146	8072
Wed Apr 20 15:21:07 2016	1461180067	35	8112	8148	8074
Wed Apr 20 15:14:44 2016	1461179684	36	8114	8149	8073
Wed Apr 20 15:16:45 2016	1461179805	35	8115	8151	8077
Wed Apr 20 15:16:20 2016	1461179780	35	8116	8151	8077
Wed Apr 20 15:14:09 2016	1461179649	35	8119	8154	8074
Wed Apr 20 15:24:39 2016	1461180279	36	8119	8156	8081
Wed Apr 20 15:21:07 2016	1461180067	36	8123	8159	8084
Wed Apr 20 15:17:43 2016	1461179863	35	8127	8162	8088
Wed Apr 20 15:16:07 2016	1461179767	36	8127	8163	8089
Wed Apr 20 15:16:07 2016	1461179767	35	8132	8168	8094
Wed Apr 20 15:12:00 2016	1461179520	36	8134	8170	8095
Wed Apr 20 15:19:52 2016	1461179992	35	8137	8172	8098
Wed Apr 20 15:21:22 2016	1461180082	36	8144	8179	8105
Wed Apr 20 15:12:45 2016	1461179565	60	8121	8181	8082
Wed Apr 20 15:20:05 2016	1461180005	35	8152	8187	8114
Wed Apr 20 15:21:22 2016	1461180082	35	8152	8188	8114
Wed Apr 20 15:27:11 2016	1461180431	35	8161	8197	8123
Wed Apr 20 15:19:26 2016	1461179966	36	8167	8203	8129
Wed Apr 20 15:21:07 2016	1461180067	35	8171	8206	8132
Wed Apr 20 15:25:40 2016	1461180340	35	8171	8206	8132
Wed Apr 20 15:23:17 2016	1461180197	35	8180	8215	8141
Wed Apr 20 15:14:09 2016	1461179649	35	8180	8215	8132
Wed Apr 20 15:24:12 2016	1461180252	48	8176	8224	8137
Wed Apr 20 15:19:39 2016	1461179979	35	8192	8228	8154
Wed Apr 20 15:16:07 2016	1461179767	35	8193	8228	8150
Wed Apr 20 15:12:14 2016	1461179534	35	8202	8238	8164
Wed Apr 20 15:21:07 2016	1461180067	35	8204	8239	8166
Wed Apr 20 15:20:05 2016	1461180005	35	8215	8250	8177
Wed Apr 20 15:17:43 2016	1461179863	36	8216	8252	8177
Wed Apr 20 15:12:14 2016	1461179534	36	8221	8256	8182
Wed Apr 20 15:16:45 2016	1461179805	36	8227	8263	8189
Wed Apr 20 15:22:22 2016	1461180142	36	8231	8267	8192
Wed Apr 20 15:20:05 2016	1461180005	35	8232	8267	8193
Wed Apr 20 15:12:45 2016	1461179565	63	8207	8270	8168
Wed Apr 20 15:20:05 2016	1461180005	35	8234	8270	8196
Wed Apr 20 15:27:11 2016	1461180431	36	8251	8287	8212
Wed Apr 20 15:27:11 2016	1461180431	35	8252	8287	8214
Wed Apr 20 15:14:08 2016	1461179648	36	8263	8299	8222
Wed Apr 20 15:22:22 2016	1461180142	36	8269	8305	8230
Wed Apr 20 15:23:17 2016	1461180197	35	8279	8314	8241
Wed Apr 20 15:22:22 2016	1461180142	36	8281	8316	8242
Wed Apr 20 15:12:14 2016	1461179534	36	8289	8324	8250
Wed Apr 20 15:17:43 2016	1461179863	35	8292	8328	8254
Wed Apr 20 15:19:26 2016	1461179966	35	8293	8328	8255
Wed Apr 20 15:22:22 2016	1461180142	36	8293	8329	8255
Wed Apr 20 15:12:59 2016	1461179579	36	8294	8330	8256
Wed Apr 20 15:17:43 2016	1461179863	36	8298	8334	8258
Wed Apr 20 15:19:38 2016	1461179978	37	8300	8337	8262
Wed Apr 20 15:16:45 2016	1461179805	35	8304	8340	8266
Wed Apr 20 15:23:17 2016	1461180197	36	8305	8340	8266
Wed Apr 20 15:21:51 2016	1461180111	35	8307	8343	8269
Wed Apr 20 15:23:58 2016	1461180238	35	8309	8344	8270
Wed Apr 20 15:22:22 2016	1461180142	35	8309	8345	8271
Wed Apr 20 15:12:14 2016	1461179534	35	8321	8357	8283
Wed Apr 20 15:25:40 2016	1461180340	36	8329	8365	8290
Wed Apr 20 15:15:54 2016	1461179754	35	8332	8367	8293
Wed Apr 20 15:21:51 2016	1461180111	36	8336	8372	8298
Wed Apr 20 15:12:13 2016	1461179533	35	8338	8374	8300
Wed Apr 20 15:21:51 2016	1461180111	36	8341	8377	8302
Wed Apr 20 15:15:54 2016	1461179754	35	8344	8379	8301
Wed Apr 20 15:24:12 2016	1461180252	36	8344	8380	8305
Wed Apr 20 15:12:14 2016	1461179534	35	8349	8384	8304
Wed Apr 20 15:12:14 2016	1461179534	35	8354	8389	8315
Wed Apr 20 15:23:16 2016	1461180196	36	8358	8393	8319
Wed Apr 20 15:15:27 2016	1461179727	36	8358	8394	8320
Wed Apr 20 15:21:51 2016	1461180111	36	8359	8395	8321
Wed Apr 20 15:12:59 2016	1461179579	35	8360	8395	8322
Wed Apr 20 15:16:45 2016	1461179805	36	8361	8397	8323
Wed Apr 20 15:15:54 2016	1461179754	35	8367	8402	8327
Wed Apr 20 15:12:45 2016	1461179565	61	8342	8402	8303
Wed Apr 20 15:25:40 2016	1461180340	35	8373	8408	8334
Wed Apr 20 15:12:45 2016	1461179565	63	8353	8416	8314
Wed Apr 20 15:23:58 2016	1461180238	37	8381	8417	8342
Wed Apr 20 15:17:43 2016	1461179863	35	8391	8426	8352
Wed Apr 20 15:16:44 2016	1461179804	35	8396	8431	8357
Wed Apr 20 15:19:52 2016	1461179992	35	8397	8432	8359
Wed Apr 20 15:17:43 2016	1461179863	36	8399	8434	8360
Wed Apr 20 15:12:59 2016	1461179579	35	8404	8439	8365
Wed Apr 20 15:15:53 2016	1461179753	35	8404	8439	8365
Wed Apr 20 15:23:58 2016	1461180238	36	8408	8444	8370
Wed Apr 20 15:12:14 2016	1461179534	35	8409	8444	8370
Wed Apr 20 15:16:44 2016	1461179804	36	8415	8451	8376
Wed Apr 20 15:14:08 2016	1461179648	35	8416	8451	8377
Wed Apr 20 15:21:21 2016	1461180081	36	8420	8456	8382
Wed Apr 20 15:24:12 2016	1461180252	36	8426	8462	8387
Wed Apr 20 15:16:44 2016	1461179804	36	8427	8462	8388
Wed Apr 20 15:22:21 2016	1461180141	39	8424	8463	8385
Wed Apr 20 15:25:08 2016	1461180308	35	8428	8463	8390
Wed Apr 20 15:19:52 2016	1461179992	35	8429	8465	8390
Wed Apr 20 15:25:40 2016	1461180340	35	8433	8468	8394
Wed Apr 20 15:16:44 2016	1461179804	35	8436	8472	8398
Wed Apr 20 15:14:08 2016	1461179648	35	8437	8473	8398
Wed Apr 20 15:12:45 2016	1461179565	59	8417	8476	8378
Wed Apr 20 15:19:52 2016	1461179992	35	8445	8480	8406
Wed Apr 20 15:23:58 2016	1461180238	36	8444	8480	8406
Wed Apr 20 15:18:13 2016	1461179893	35	8445	8481	8406
Wed Apr 20 15:16:44 2016	1461179804	36	8445	8481	8407
Wed Apr 20 15:15:27 2016	1461179727	35	8446	8482	8408
Wed Apr 20 15:16:44 2016	1461179804	36	8448	8484	8409
Wed Apr 20 15:17:42 2016	1461179862	35	8460	8496	8422
Wed Apr 20 15:13:13 2016	1461179593	35	8464	8500	8426
Wed Apr 20 15:24:12 2016	1461180252	35	8465	8501	8427
Wed Apr 20 15:15:14 2016	1461179714	35	8472	8507	8433
Wed Apr 20 15:12:14 2016	1461179534	35	8491	8526	8452
Wed Apr 20 15:12:59 2016	1461179579	36	8506	8541	8467
Wed Apr 20 15:24:11 2016	1461180251	35	8506	8541	8468
Wed Apr 20 15:24:11 2016	1461180251	35	8513	8548	8474
Wed Apr 20 15:23:57 2016	1461180237	35	8515	8550	8476
Wed Apr 20 15:23:57 2016	1461180237	35	8521	8557	8483
Wed Apr 20 15:18:13 2016	1461179893	35	8525	8560	8486
Wed Apr 20 15:16:19 2016	1461179779	43	8523	8567	8485
Wed Apr 20 15:13:13 2016	1461179593	35	8533	8568	8492
Wed Apr 20 15:25:08 2016	1461180308	36	8539	8574	8500
Wed Apr 20 15:15:27 2016	1461179727	35	8540	8575	8501
Wed Apr 20 15:22:21 2016	1461180141	35	8544	8579	8505
Wed Apr 20 15:23:57 2016	1461180237	35	8544	8580	8506
Wed Apr 20 15:12:30 2016	1461179550	49	8533	8582	8456
Wed Apr 20 15:12:59 2016	1461179579	35	8551	8586	8513
Wed Apr 20 15:24:11 2016	1461180251	36	8553	8589	8514
Wed Apr 20 15:23:16 2016	1461180196	36	8559	8594	8518
Wed Apr 20 15:12:30 2016	1461179550	47	8548	8595	8468
Wed Apr 20 15:19:52 2016	1461179992	36	8559	8595	8521
Wed Apr 20 15:27:10 2016	1461180430	35	8561	8597	8498
Wed Apr 20 15:15:13 2016	1461179713	35	8568	8603	8530
Wed Apr 20 15:24:11 2016	1461180251	36	8578	8614	8539
Wed Apr 20 15:13:13 2016	1461179593	37	8582	8618	8543
Wed Apr 20 15:19:52 2016	1461179992	36	8583	8620	8545
Wed Apr 20 15:23:57 2016	1461180237	35	8586	8621	8548
Wed Apr 20 15:12:30 2016	1461179550	47	8576	8623	8491
Wed Apr 20 15:22:20 2016	1461180140	35	8591	8626	8552
Wed Apr 20 15:23:57 2016	1461180237	36	8614	8649	8575
Wed Apr 20 15:21:21 2016	1461180081	36	8620	8656	8582
Wed Apr 20 15:22:21 2016	1461180141	35	8625	8660	8586
Wed Apr 20 15:21:06 2016	1461180066	35	8633	8668	8594
Wed Apr 20 15:23:00 2016	1461180180	36	8634	8670	8596
Wed Apr 20 15:12:13 2016	1461179533	35	8639	8674	8600
Wed Apr 20 15:23:16 2016	1461180196	36	8647	8683	8608
Wed Apr 20 15:13:13 2016	1461179593	36	8652	8687	8612
Wed Apr 20 15:13:55 2016	1461179635	36	8660	8696	8621
Wed Apr 20 15:21:51 2016	1461180111	36	8669	8704	8630
Wed Apr 20 15:12:30 2016	1461179550	50	8656	8706	8580
Wed Apr 20 15:13:28 2016	1461179608	35	8671	8706	8633
Wed Apr 20 15:22:21 2016	1461180141	36	8674	8710	8635
Wed Apr 20 15:19:51 2016	1461179991	35	8677	8712	8639
Wed Apr 20 15:25:07 2016	1461180307	36	8679	8715	8644
Wed Apr 20 15:25:07 2016	1461180307	35	8681	8717	8643
Wed Apr 20 15:21:21 2016	1461180081	35	8690	8726	8652
Wed Apr 20 15:13:13 2016	1461179593	35	8702	8737	8662
Wed Apr 20 15:23:00 2016	1461180180	36	8701	8737	8662
Wed Apr 20 15:25:39 2016	1461180339	35	8703	8738	8664
Wed Apr 20 15:23:57 2016	1461180237	35	8706	8741	8668
Wed Apr 20 15:12:59 2016	1461179579	36	8717	8752	8678
Wed Apr 20 15:15:27 2016	1461179727	35	8723	8758	8683
Wed Apr 20 15:12:29 2016	1461179549	44	8724	8768	8658
Wed Apr 20 15:12:29 2016	1461179549	48	8721	8769	8641
Wed Apr 20 15:25:07 2016	1461180307	35	8739	8774	8704
Wed Apr 20 15:23:16 2016	1461180196	36	8742	8778	8703
Wed Apr 20 15:15:13 2016	1461179713	35	8743	8779	8705
Wed Apr 20 15:25:39 2016	1461180339	35	8745	8780	8706
Wed Apr 20 15:21:50 2016	1461180110	35	8751	8786	8712
Wed Apr 20 15:21:06 2016	1461180066	35	8754	8789	8716
Wed Apr 20 15:12:29 2016	1461179549	45	8745	8790	8679
Wed Apr 20 15:23:00 2016	1461180180	36	8757	8793	8718
Wed Apr 20 15:13:28 2016	1461179608	36	8769	8805	8730
Wed Apr 20 15:17:29 2016	1461179849	36	8780	8816	8742
Wed Apr 20 15:21:06 2016	1461180066	36	8783	8819	8744
Wed Apr 20 15:13:55 2016	1461179635	36	8783	8819	8745
Wed Apr 20 15:17:29 2016	1461179849	35	8786	8821	8747
Wed Apr 20 15:12:44 2016	1461179564	55	8774	8829	8735
Wed Apr 20 15:25:07 2016	1461180307	35	8807	8843	8769
Wed Apr 20 15:17:42 2016	1461179862	36	8817	8853	8778
Wed Apr 20 15:23:16 2016	1461180196	36	8819	8855	8780
Wed Apr 20 15:25:07 2016	1461180307	36	8822	8858	8787
Wed Apr 20 15:17:29 2016	1461179849	35	8824	8860	8786
Wed Apr 20 15:22:58 2016	1461180178	36	8826	8861	8787
Wed Apr 20 15:13:55 2016	1461179635	36	8836	8873	8798
Wed Apr 20 15:15:26 2016	1461179726	35	8840	8875	8801
Wed Apr 20 15:21:20 2016	1461180080	35	8840	8875	8802
Wed Apr 20 15:21:20 2016	1461180080	35	8845	8880	8807
Wed Apr 20 15:17:29 2016	1461179849	36	8845	8881	8806
Wed Apr 20 15:13:28 2016	1461179608	36	8846	8881	8807
Wed Apr 20 15:25:39 2016	1461180339	35	8851	8886	8813
Wed Apr 20 15:25:39 2016	1461180339	35	8857	8893	8818
Wed Apr 20 15:21:20 2016	1461180080	36	8861	8897	8822
Wed Apr 20 15:21:20 2016	1461180080	36	8865	8901	8826
Wed Apr 20 15:15:26 2016	1461179726	35	8871	8906	8833
Wed Apr 20 15:25:39 2016	1461180339	36	8871	8907	8833
Wed Apr 20 15:12:58 2016	1461179578	36	8872	8907	8833
Wed Apr 20 15:21:20 2016	1461180080	35	8876	8911	8837
Wed Apr 20 15:18:13 2016	1461179893	35	8877	8912	8838
Wed Apr 20 15:13:12 2016	1461179592	36	8877	8913	8839
Wed Apr 20 15:12:29 2016	1461179549	47	8867	8914	8799
Wed Apr 20 15:13:55 2016	1461179635	35	8883	8918	8844
Wed Apr 20 15:13:27 2016	1461179607	35	8884	8919	8845
Wed Apr 20 15:21:50 2016	1461180110	35	8884	8919	8846
Wed Apr 20 15:12:58 2016	1461179578	36	8888	8923	8849
Wed Apr 20 15:21:50 2016	1461180110	37	8887	8924	8848
Wed Apr 20 15:13:27 2016	1461179607	35	8894	8929	8854
Wed Apr 20 15:15:26 2016	1461179726	35	8896	8932	8858
Wed Apr 20 15:25:07 2016	1461180307	36	8896	8932	8861
Wed Apr 20 15:17:28 2016	1461179848	35	8901	8936	8862
Wed Apr 20 15:21:50 2016	1461180110	35	8901	8936	8861
Wed Apr 20 15:17:29 2016	1461179849	36	8902	8937	8863
Wed Apr 20 15:13:27 2016	1461179607	35	8905	8940	8867
Wed Apr 20 15:25:38 2016	1461180338	35	8905	8940	8866
Wed Apr 20 15:25:07 2016	1461180307	36	8910	8946	8873
Wed Apr 20 15:21:50 2016	1461180110	35	8914	8949	8875
Wed Apr 20 15:22:59 2016	1461180179	36	8918	8953	8879
Wed Apr 20 15:15:26 2016	1461179726	35	8933	8968	8894
Wed Apr 20 15:13:54 2016	1461179634	35	8936	8971	8897
Wed Apr 20 15:17:28 2016	1461179848	35	8941	8976	8902
Wed Apr 20 15:15:13 2016	1461179713	36	8941	8977	8902
Wed Apr 20 15:15:26 2016	1461179726	35	8951	8986	8912
Wed Apr 20 15:22:59 2016	1461180179	35	8961	8996	8922
Wed Apr 20 15:13:27 2016	1461179607	36	8985	9020	8946
Wed Apr 20 15:13:54 2016	1461179634	35	8992	9027	8954
Wed Apr 20 15:17:28 2016	1461179848	35	9004	9040	8966
Wed Apr 20 15:15:26 2016	1461179726	35	9008	9044	8970
Wed Apr 20 15:22:59 2016	1461180179	35	9013	9048	8974
Wed Apr 20 15:12:44 2016	1461179564	63	9016	9079	8977
Wed Apr 20 15:22:59 2016	1461180179	37	9042	9079	9004
Wed Apr 20 15:22:59 2016	1461180179	35	9065	9100	9026
Wed Apr 20 15:15:13 2016	1461179713	35	9065	9100	9026
Wed Apr 20 15:22:59 2016	1461180179	36	9065	9100	9026
Wed Apr 20 15:12:58 2016	1461179578	36	9073	9108	9034
Wed Apr 20 15:12:58 2016	1461179578	36	9075	9111	9036
Wed Apr 20 15:13:12 2016	1461179592	35	9080	9115	9040
Wed Apr 20 15:15:13 2016	1461179713	36	9103	9138	9064
Wed Apr 20 15:25:06 2016	1461180306	35	9106	9141	9071
Wed Apr 20 15:15:12 2016	1461179712	38	9128	9166	9090
Wed Apr 20 15:21:36 2016	1461180096	36	9131	9167	9092
Wed Apr 20 15:15:12 2016	1461179712	36	9139	9175	9101
Wed Apr 20 15:13:12 2016	1461179592	35	9144	9180	9106
Wed Apr 20 15:21:36 2016	1461180096	35	9158	9193	9119
Wed Apr 20 15:13:54 2016	1461179634	36	9166	9202	9126
Wed Apr 20 15:17:28 2016	1461179848	38	9171	9209	9133
Wed Apr 20 15:16:57 2016	1461179817	35	9189	9224	9150
Wed Apr 20 15:15:12 2016	1461179712	36	9188	9224	9149
Wed Apr 20 15:21:36 2016	1461180096	36	9201	9236	9162
Wed Apr 20 15:15:41 2016	1461179741	36	9202	9237	9163
Wed Apr 20 15:12:29 2016	1461179549	52	9186	9238	9115
Wed Apr 20 15:15:12 2016	1461179712	36	9205	9241	9166
Wed Apr 20 15:17:27 2016	1461179847	35	9206	9241	9167
Wed Apr 20 15:18:12 2016	1461179892	36	9245	9280	9206
Wed Apr 20 15:13:27 2016	1461179607	36	9258	9294	9219
Wed Apr 20 15:15:39 2016	1461179739	35	9268	9304	9230
Wed Apr 20 15:16:57 2016	1461179817	36	9297	9333	9258
Wed Apr 20 15:15:39 2016	1461179739	36	9301	9337	9263
Wed Apr 20 15:21:35 2016	1461180095	35	9306	9341	9267
Wed Apr 20 15:18:12 2016	1461179892	36	9312	9349	9274
Wed Apr 20 15:25:23 2016	1461180323	35	9328	9364	9290
Wed Apr 20 15:18:12 2016	1461179892	35	9332	9368	9294
Wed Apr 20 15:15:40 2016	1461179740	36	9353	9388	9314
Wed Apr 20 15:13:11 2016	1461179591	35	9361	9397	9323
Wed Apr 20 15:21:35 2016	1461180095	36	9385	9420	9346
Wed Apr 20 15:12:28 2016	1461179548	35	9385	9420	9316
Wed Apr 20 15:16:57 2016	1461179817	35	9386	9421	9343
Wed Apr 20 15:15:39 2016	1461179739	36	9392	9428	9353
Wed Apr 20 15:13:27 2016	1461179607	36	9397	9433	9359
Wed Apr 20 15:16:57 2016	1461179817	35	9402	9437	9362
Wed Apr 20 15:21:35 2016	1461180095	36	9417	9453	9379
Wed Apr 20 15:25:23 2016	1461180323	36	9431	9467	9393
Wed Apr 20 15:13:54 2016	1461179634	36	9443	9479	9404
Wed Apr 20 15:21:35 2016	1461180095	35	9450	9485	9411
Wed Apr 20 15:16:58 2016	1461179818	35	9461	9496	9422
Wed Apr 20 15:21:35 2016	1461180095	43	9453	9497	9415
Wed Apr 20 15:15:40 2016	1461179740	35	9467	9502	9428
Wed Apr 20 15:18:12 2016	1461179892	39	9467	9506	9429
Wed Apr 20 15:13:12 2016	1461179592	36	9471	9507	9431
Wed Apr 20 15:16:58 2016	1461179818	36	9475	9511	9436
Wed Apr 20 15:18:12 2016	1461179892	36	9487	9523	9448
Wed Apr 20 15:25:23 2016	1461180323	36	9492	9527	9453
Wed Apr 20 15:13:26 2016	1461179606	36	9498	9534	9459
Wed Apr 20 15:13:53 2016	1461179633	36	9499	9534	9460
Wed Apr 20 15:21:35 2016	1461180095	38	9517	9554	9478
Wed Apr 20 15:15:40 2016	1461179740	35	9527	9562	9488
Wed Apr 20 15:16:58 2016	1461179818	36	9534	9570	9495
Wed Apr 20 15:18:11 2016	1461179891	35	9535	9570	9496
Wed Apr 20 15:22:06 2016	1461180126	36	9541	9577	9503
Wed Apr 20 15:13:53 2016	1461179633	35	9555	9590	9516
Wed Apr 20 15:16:58 2016	1461179818	36	9569	9605	9530
Wed Apr 20 15:22:06 2016	1461180126	35	9574	9610	9536
Wed Apr 20 15:25:22 2016	1461180322	36	9581	9617	9542
Wed Apr 20 15:14:58 2016	1461179698	35	9590	9625	9550
Wed Apr 20 15:21:34 2016	1461180094	35	9603	9638	9564
Wed Apr 20 15:15:39 2016	1461179739	36	9606	9641	9566
Wed Apr 20 15:18:11 2016	1461179891	35	9608	9643	9569
Wed Apr 20 15:15:39 2016	1461179739	36	9630	9665	9591
Wed Apr 20 15:25:22 2016	1461180322	36	9631	9667	9592
Wed Apr 20 15:25:22 2016	1461180322	35	9642	9677	9603
Wed Apr 20 15:14:57 2016	1461179697	36	9642	9677	9603
Wed Apr 20 15:14:58 2016	1461179698	35	9645	9681	9607
Wed Apr 20 15:25:22 2016	1461180322	35	9649	9684	9610
Wed Apr 20 15:14:57 2016	1461179697	35	9666	9702	9627
Wed Apr 20 15:25:22 2016	1461180322	36	9666	9702	9628
Wed Apr 20 15:25:22 2016	1461180322	36	9681	9717	9641
Wed Apr 20 15:25:22 2016	1461180322	35	9685	9720	9647
Wed Apr 20 15:14:57 2016	1461179697	35	9688	9723	9649
Wed Apr 20 15:22:05 2016	1461180125	35	9697	9732	9658
Wed Apr 20 15:14:57 2016	1461179697	36	9711	9747	9671
Wed Apr 20 15:14:57 2016	1461179697	35	9747	9782	9708
Wed Apr 20 15:14:57 2016	1461179697	35	9751	9786	9712
Wed Apr 20 15:22:05 2016	1461180125	35	9794	9829	9755
Wed Apr 20 15:22:05 2016	1461180125	35	9839	9875	9801
Wed Apr 20 15:14:56 2016	1461179696	37	9839	9876	9800
Wed Apr 20 15:14:56 2016	1461179696	35	9860	9895	9822
Wed Apr 20 15:22:05 2016	1461180125	35	9885	9920	9846
Wed Apr 20 15:22:04 2016	1461180124	35	9921	9956	9882
Wed Apr 20 15:22:05 2016	1461180125	36	9927	9963	9889
Wed Apr 20 15:22:05 2016	1461180125	36	9932	9968	9894
Wed Apr 20 15:16:57 2016	1461179817	36	9985	10021	9946
Wed Apr 20 15:22:05 2016	1461180125	36	10014	10050	9976
Wed Apr 20 15:15:39 2016	1461179739	35	10047	10082	10008
Wed Apr 20 15:17:14 2016	1461179834	35	10241	10277	10202
Wed Apr 20 15:17:14 2016	1461179834	35	10245	10280	10207
Wed Apr 20 15:17:13 2016	1461179833	36	10302	10338	10264
Wed Apr 20 15:17:12 2016	1461179832	35	10361	10396	10322
Wed Apr 20 15:17:12 2016	1461179832	35	10436	10471	10397
Wed Apr 20 15:17:13 2016	1461179833	35	10494	10529	10455
Wed Apr 20 15:17:12 2016	1461179832	36	10577	10612	10538
Wed Apr 20 15:17:12 2016	1461179832	35	10585	10621	10547
Wed Apr 20 15:16:59 2016	1461179819	35	10724	10759	10686
Wed Apr 20 15:17:12 2016	1461179832	35	10939	10974	10900
Wed Apr 20 15:17:13 2016	1461179833	36	11674	11710	11635
